______________________________________________________________________
Active sources
______________________________________________________________________
Source number	1
Source type	Point
Description	S01
Position	(x,y,z) = (1,500, -1,500, 1,400)
Orientation	Azimuth = 0,00 Elevation = 0,00 Rotation = 0,00
Directivity file	Omni.SO8
Delay	0
Gain	78,00
Equalisation (63 Hz - 8000 Hz)	0,0 / 0,0 / 0,0 / 0,0 / 0,0 / 0,0 / 0,0 / 0,0 / 

POINT RESPONSE ENERGY PARAMETERS for job 1
Receiver Number: 3 R03                            (x,y,z) = (5,87, -2,72, 1,27)
PARAM	63	125	250	500	1000	2000	4000	8000
EDT	0,91	1,00	1,23	1,83	2,22	2,09	1,82	1,18
T30	0,83	0,97	1,35	1,86	2,14	2,08	1,73	1,08
SPL	60,2	60,8	62,4	63,9	64,9	64,7	63,6	61,2
C80	4,0	2,9	0,8	-1,8	-3,0	-2,9	-1,6	1,4
D50	0,58	0,53	0,41	0,29	0,23	0,24	0,29	0,44
Ts	58	68	94	142	167	164	133	84
LF80	0,221	0,222	0,234	0,237	0,266	0,267	0,267	0,256
SPL(A)	70,9
LG80*	56,4
STI	0,47
