Contents: This file contains 3 curve sets
a)Energy-time histogram.
b)Reverse-integrated decay curve (dB SPL)
c)Reverse-integrated decay curve (dB SPL), corrected for missing energy due to truncation.
d)Energy-time histogram for Sqr(Px),Sqr(Py) and Sqr(Pz) - only if calculated by Odeon 6.1 or later
d1)Hint! The energy-intensity curve can be obtained by the formulae 10*log10(Sqrt(Sqr(Px)+Sqr(Py)+Sqr(Pz)
d2)Note! Sqr(Px),Sqr(Py) and Sqr(Pz) are signed values, the sign is part the directional information


a) Energy-time histogram (dB SPL) for job 1
Receiver Number: 3 R03                            (x,y,z) = (5,87, -2,72, 1,27)
ms(source)	63	125	250	500	1000	2000	4000	8000
5,00	-9990,00	-9990,00	-9990,00	-9990,00	-9990,00	-9990,00	-9990,00	-9990,00
15,00	53,87	53,87	53,86	53,86	53,85	53,82	53,74	53,42
25,00	51,05	51,05	51,46	51,43	51,45	51,43	51,29	50,71
35,00	46,21	46,56	46,94	46,92	47,41	47,54	47,42	46,88
45,00	51,66	51,90	52,69	52,55	51,80	51,35	50,88	49,79
55,00	45,61	47,05	49,09	49,20	50,44	50,30	50,00	48,87
65,00	45,60	46,33	47,96	48,51	48,90	48,72	48,35	46,97
75,00	46,82	47,19	48,48	48,94	49,55	49,24	48,79	47,17
85,00	46,64	47,19	48,74	49,60	50,89	50,69	50,20	48,48
95,00	47,36	48,10	49,77	50,72	51,00	50,81	50,22	48,30
105,00	46,32	47,19	49,08	50,36	50,64	50,45	49,76	47,55
115,00	44,56	45,50	47,94	49,37	50,09	49,87	49,14	46,73
125,00	44,05	45,37	47,93	49,06	49,85	49,64	48,77	46,27
135,00	43,43	44,62	46,98	48,51	50,07	49,84	48,93	46,18
145,00	43,21	44,66	47,39	49,16	49,77	49,54	48,61	45,68
155,00	42,77	44,00	46,50	48,30	49,94	49,71	48,69	45,50
165,00	41,76	43,21	45,95	47,92	49,16	48,97	47,85	44,49
175,00	43,32	45,04	47,73	49,69	50,36	50,02	48,89	45,38
185,00	39,48	40,83	43,72	46,59	48,63	48,39	47,15	43,44
195,00	40,09	41,10	44,24	46,48	48,45	48,11	46,88	42,94
205,00	40,85	42,49	45,50	48,18	49,01	48,70	47,42	43,21
215,00	37,63	39,34	42,70	46,36	47,80	47,59	46,12	41,82
225,00	36,54	38,69	42,16	45,79	47,31	47,04	45,53	40,96
235,00	36,36	38,14	42,18	45,48	47,01	46,80	45,29	40,54
245,00	34,99	37,05	41,62	45,25	46,62	46,31	44,64	39,69
255,00	33,67	36,44	40,35	44,68	46,61	46,42	44,66	39,50
265,00	34,84	37,07	41,96	45,52	46,80	46,47	44,71	39,34
275,00	33,44	35,75	40,37	44,60	46,06	45,76	43,98	38,41
285,00	34,61	36,48	40,99	44,13	45,34	45,00	43,08	37,27
295,00	32,45	34,86	39,21	43,40	45,52	45,21	43,23	37,27
305,00	31,66	34,29	39,08	43,62	45,29	44,94	42,83	36,75
315,00	30,28	33,02	38,36	43,04	44,91	44,64	42,46	36,13
325,00	31,93	34,62	39,14	44,24	45,39	45,00	42,99	36,48
335,00	28,00	31,01	37,36	42,55	43,74	43,38	41,23	34,45
345,00	30,67	33,52	38,10	43,36	44,67	44,39	42,03	35,05
355,00	26,92	30,18	36,44	41,31	43,29	42,90	40,54	33,38
365,00	27,56	30,29	36,65	42,22	44,11	43,80	41,54	34,28
375,00	26,81	30,20	35,35	41,38	43,48	43,07	40,61	33,00
385,00	24,66	27,96	35,11	40,89	42,78	42,45	39,83	32,10
395,00	24,64	28,38	35,77	41,31	42,68	42,44	39,61	31,69
405,00	24,40	29,76	33,90	40,15	42,58	42,38	39,66	31,40
415,00	23,11	26,66	34,11	40,34	42,04	41,68	38,90	30,61
425,00	23,83	26,66	33,87	40,07	42,32	42,11	39,17	30,61
435,00	21,77	24,65	31,82	38,60	40,92	40,63	37,74	29,00
445,00	19,72	23,05	30,51	37,54	40,26	40,02	36,95	27,98
455,00	19,24	23,56	31,87	39,01	41,57	41,22	38,14	29,10
465,00	18,48	22,42	30,65	38,39	40,22	39,76	36,72	27,40
475,00	19,12	21,87	28,97	36,55	39,38	39,09	35,96	26,28
485,00	18,28	22,01	30,08	37,21	39,52	39,04	35,76	26,04
495,00	19,31	21,76	30,36	37,77	39,96	39,61	36,18	26,29
505,00	15,01	19,22	27,62	35,88	38,68	38,35	34,98	24,87
515,00	15,71	19,38	27,72	35,63	38,69	38,34	34,89	24,50
525,00	16,48	22,18	32,73	38,94	39,86	39,25	35,77	25,15
535,00	14,99	18,84	28,35	35,56	38,63	38,06	34,54	23,77
545,00	13,28	18,20	27,40	35,14	38,75	38,54	34,86	23,79
555,00	13,35	17,47	26,01	34,62	37,64	37,32	33,60	22,39
565,00	14,10	18,78	28,25	35,99	38,19	37,86	34,01	22,58
575,00	11,14	16,77	25,15	35,13	38,89	38,79	34,83	23,26
585,00	10,49	15,42	24,48	33,87	36,96	36,54	32,60	20,81
595,00	16,52	19,87	26,56	35,80	37,32	36,80	32,88	20,83
605,00	13,70	17,60	24,18	33,66	37,06	36,43	32,46	20,21
615,00	8,94	13,91	22,61	32,75	37,05	36,87	32,63	20,31
625,00	7,60	12,62	22,89	32,59	35,94	35,69	31,42	18,80
635,00	8,23	14,51	27,09	34,57	36,83	36,33	32,04	19,23
645,00	7,81	13,41	25,88	34,39	36,23	35,69	31,26	18,35
655,00	4,91	10,12	21,94	32,02	34,90	34,59	30,02	16,98
665,00	3,32	9,98	20,69	31,90	35,25	34,91	30,57	17,18
675,00	4,09	9,84	23,67	31,45	34,92	34,31	29,89	16,32
685,00	4,39	8,67	19,46	30,68	33,72	33,24	28,60	14,83
695,00	2,74	8,68	19,33	30,33	33,51	33,40	28,62	14,42
705,00	1,07	6,92	19,20	31,07	34,29	33,89	29,26	15,13
715,00	2,92	9,09	20,69	31,81	34,56	33,90	29,09	14,79
725,00	1,71	6,93	17,89	29,77	34,13	33,64	28,61	13,99
735,00	2,88	8,41	20,11	29,89	33,21	32,85	27,82	12,90
745,00	-0,20	6,08	19,67	29,66	32,51	31,91	27,04	11,94
755,00	-2,82	3,62	15,14	28,48	32,54	32,33	27,14	11,81
765,00	-2,94	4,50	16,76	27,79	32,68	32,24	27,31	11,84
775,00	-1,44	6,75	14,26	27,36	31,45	31,08	25,73	10,03
785,00	-3,71	2,62	18,18	28,62	31,71	30,98	25,78	10,01
795,00	-6,68	1,22	14,96	27,60	31,82	31,31	25,85	9,90
805,00	-7,67	-0,81	12,99	25,94	30,26	29,74	24,31	8,19
815,00	-5,96	-0,81	14,10	26,61	30,59	30,16	24,94	8,46
825,00	-7,30	-0,74	12,71	26,47	30,34	30,06	24,44	7,88
835,00	-7,93	-1,20	14,77	27,22	30,39	29,78	24,34	7,70
845,00	-8,47	-2,25	11,47	25,63	30,10	29,68	24,04	7,08
855,00	-5,08	0,34	13,44	25,89	28,97	28,33	22,67	5,39
865,00	-4,38	3,78	12,53	24,03	27,75	27,35	21,53	4,06
875,00	-8,92	-1,67	12,10	27,31	30,21	29,67	24,15	6,40
885,00	-13,62	-7,02	8,36	23,29	28,03	27,59	21,50	3,75
895,00	-10,49	-2,63	13,01	25,88	29,39	28,83	23,19	5,38
905,00	-11,57	-4,25	11,08	25,04	28,61	27,98	22,04	3,72
915,00	-13,53	-7,40	8,46	23,25	27,35	26,76	20,62	2,27
925,00	-14,53	-6,54	10,64	23,79	27,60	26,90	20,75	2,18
935,00	-12,69	-4,94	7,32	22,42	27,36	27,05	21,02	2,31
945,00	-14,54	-8,80	8,62	23,53	27,00	26,40	20,46	1,35
955,00	-17,36	-8,74	6,96	23,56	27,74	27,17	20,93	1,63
965,00	-14,47	-7,73	10,46	24,23	27,79	26,64	20,58	1,08
975,00	-19,82	-11,47	6,83	21,58	26,28	25,77	19,25	-0,21
985,00	-14,10	-7,37	8,86	20,92	25,20	25,01	18,35	-1,61
995,00	-19,93	-11,88	5,02	20,38	25,18	24,63	18,20	-1,91
1005,00	-20,86	-12,97	3,95	19,03	24,06	23,55	16,90	-3,21
1015,00	-17,21	-10,47	3,94	21,41	24,83	24,12	17,38	-2,82
1025,00	-22,92	-14,81	1,39	18,37	24,53	24,44	17,56	-3,23
1035,00	-24,13	-15,19	4,35	20,56	26,08	25,71	18,83	-1,98
1045,00	-17,01	-12,10	3,73	19,24	23,86	23,51	16,74	-4,35
1055,00	-26,70	-18,37	0,59	17,38	23,57	23,02	15,98	-5,26
1065,00	-26,89	-16,71	5,75	19,66	23,89	23,46	16,33	-5,05
1075,00	-25,03	-16,34	-1,62	18,71	23,12	22,45	15,39	-6,31
1085,00	-30,99	-20,65	-0,57	16,66	21,70	21,33	14,07	-7,81
1095,00	-27,55	-18,08	-0,61	18,16	24,21	23,56	16,33	-5,73
1105,00	-31,60	-21,36	-1,51	16,48	21,33	20,76	13,48	-8,57
1115,00	-31,70	-17,41	2,70	17,89	22,71	21,85	14,38	-8,09
1125,00	-30,70	-22,60	-2,91	16,43	22,13	21,86	14,89	-7,30
1135,00	-21,62	-17,29	-1,28	17,03	21,85	21,25	13,78	-9,17
1145,00	-30,29	-21,66	-3,43	16,12	21,78	21,16	13,66	-9,28
1155,00	-32,60	-23,07	-4,53	13,30	19,36	18,99	11,35	-11,80
1165,00	-35,58	-19,50	-3,21	15,83	20,85	20,45	12,69	-10,73
1175,00	-19,06	-12,28	-3,45	16,46	21,76	21,07	13,74	-10,13
1185,00	-27,17	-18,75	0,60	16,13	19,75	19,14	11,09	-12,98
1195,00	-37,98	-27,46	-6,22	14,45	20,03	19,49	11,65	-12,44
1205,00	-32,12	-25,38	-6,93	13,02	19,47	19,29	11,10	-12,98
1215,00	-33,54	-26,20	-5,57	13,35	19,16	18,57	10,26	-14,29
1225,00	-24,96	-18,65	-4,97	15,88	20,61	19,45	11,81	-12,80
1235,00	-42,63	-30,04	-7,91	12,52	19,36	19,37	10,61	-14,02
1245,00	-39,69	-25,72	-6,71	13,47	18,32	17,89	9,70	-15,36
1255,00	-37,74	-28,62	-7,94	11,49	17,23	16,53	8,23	-16,77
1265,00	-18,55	-9,62	-8,22	16,05	20,95	19,37	12,04	-14,09
1275,00	-36,83	-27,81	-4,08	13,95	18,71	17,73	9,60	-15,94
1285,00	-42,56	-33,50	-9,06	10,60	17,18	16,71	8,18	-17,62
1295,00	-41,35	-32,59	-11,73	10,06	15,83	15,50	6,75	-19,26
1305,00	-41,51	-33,56	-12,45	8,54	15,07	15,59	6,49	-20,22

b) Reverse-integrated decay curve (dB SPL) for job 1
Receiver Number: 3 R03                            (x,y,z) = (5,87, -2,72, 1,27)
ms(source)	63	125	250	500	1000	2000	4000	8000
5,00	60,20	60,80	62,42	63,94	64,89	64,66	63,60	61,17
15,00	60,20	60,80	62,42	63,94	64,89	64,66	63,60	61,17
25,00	59,05	59,82	61,77	63,50	64,54	64,29	63,12	60,37
35,00	58,30	59,20	61,34	63,22	64,32	64,06	62,83	59,87
45,00	58,02	58,96	61,18	63,11	64,23	63,96	62,70	59,65
55,00	56,88	58,01	60,52	62,71	63,97	63,71	62,41	59,17
65,00	56,54	57,65	60,20	62,52	63,78	63,51	62,15	58,75
75,00	56,18	57,31	59,93	62,34	63,63	63,36	61,96	58,45
85,00	55,64	56,87	59,60	62,14	63,46	63,19	61,75	58,11
95,00	55,06	56,37	59,23	61,89	63,21	62,94	61,44	57,61
105,00	54,25	55,68	58,71	61,54	62,94	62,67	61,09	57,07
115,00	53,49	55,01	58,21	61,20	62,68	62,40	60,76	56,55
125,00	52,90	54,50	57,78	60,90	62,43	62,15	60,45	56,08
135,00	52,29	53,93	57,31	60,61	62,19	61,90	60,15	55,60
145,00	51,68	53,39	56,88	60,33	61,91	61,62	59,81	55,07
155,00	51,02	52,76	56,37	59,99	61,64	61,34	59,46	54,54
165,00	50,31	52,14	55,89	59,68	61,33	61,03	59,08	53,96
175,00	49,66	51,55	55,43	59,39	61,06	60,75	58,74	53,44
185,00	48,51	50,45	54,62	58,89	60,68	60,37	58,27	52,70
195,00	47,93	49,95	54,25	58,63	60,40	60,08	57,92	52,15
205,00	47,15	49,34	53,80	58,36	60,11	59,80	57,56	51,60
215,00	45,99	48,34	53,10	57,92	59,76	59,45	57,12	50,91
225,00	45,31	47,75	52,69	57,60	59,47	59,15	56,76	50,34
235,00	44,69	47,18	52,28	57,31	59,20	58,88	56,42	49,81
245,00	44,00	46,60	51,84	57,01	58,93	58,60	56,08	49,27
255,00	43,41	46,09	51,40	56,71	58,67	58,34	55,75	48,76
265,00	42,93	45,59	51,05	56,43	58,39	58,05	55,40	48,21
275,00	42,19	44,93	50,48	56,06	58,08	57,73	55,01	47,61
285,00	41,57	44,37	50,03	55,74	57,80	57,45	54,66	47,05
295,00	40,60	43,60	49,45	55,43	57,54	57,20	54,35	46,57
305,00	39,88	42,98	49,02	55,15	57,26	56,91	54,00	46,02
315,00	39,17	42,35	48,56	54,83	56,97	56,63	53,65	45,48
325,00	38,57	41,81	48,12	54,53	56,70	56,34	53,31	44,94
335,00	37,51	40,88	47,53	54,11	56,36	56,01	52,88	44,27
345,00	36,99	40,41	47,09	53,79	56,12	55,77	52,58	43,80
355,00	35,84	39,42	46,51	53,38	55,80	55,44	52,17	43,17
365,00	35,24	38,87	46,06	53,10	55,54	55,19	51,87	42,69
375,00	34,43	38,22	45,53	52,73	55,22	54,86	51,44	42,02
385,00	33,61	37,47	45,09	52,40	54,92	54,56	51,07	41,43
395,00	33,02	36,95	44,63	52,09	54,65	54,29	50,73	40,90
405,00	32,33	36,30	44,03	51,71	54,36	54,00	50,38	40,34
415,00	31,57	35,21	43,59	51,39	54,06	53,68	50,00	39,75
425,00	30,91	34,56	43,07	51,04	53,78	53,40	49,64	39,18
435,00	29,96	33,79	42,51	50,67	53,46	53,07	49,24	38,53
445,00	29,24	33,23	42,12	50,40	53,21	52,81	48,92	38,02
455,00	28,73	32,79	41,81	50,17	52,98	52,58	48,63	37,57
465,00	28,21	32,24	41,35	49,82	52,66	52,25	48,22	36,90
475,00	27,72	31,76	40,96	49,50	52,40	51,99	47,91	36,38
485,00	27,07	31,29	40,68	49,27	52,18	51,77	47,62	35,93
495,00	26,46	30,75	40,28	48,99	51,94	51,53	47,33	35,46
505,00	25,53	30,16	39,81	48,65	51,65	51,24	46,98	34,91
515,00	25,12	29,80	39,54	48,41	51,43	51,01	46,70	34,45
525,00	24,60	29,38	39,25	48,18	51,19	50,77	46,40	33,99
535,00	23,87	28,46	38,15	47,63	50,86	50,45	46,01	33,38
545,00	23,27	27,96	37,67	47,35	50,59	50,19	45,69	32,88
555,00	22,81	27,48	37,24	47,08	50,30	49,88	45,31	32,31
565,00	22,29	27,02	36,90	46,83	50,05	49,64	45,01	31,84
575,00	21,57	26,31	36,27	46,45	49,76	49,34	44,65	31,29
585,00	21,16	25,80	35,92	46,12	49,39	48,94	44,17	30,55
595,00	20,77	25,39	35,59	45,85	49,14	48,68	43,86	30,06
605,00	18,72	23,95	35,02	45,40	48,84	48,39	43,50	29,51
615,00	17,08	22,81	34,64	45,10	48,54	48,10	43,14	28,96
625,00	16,36	22,21	34,36	44,84	48,22	47,76	42,74	28,33
635,00	15,73	21,70	34,04	44,57	47,96	47,48	42,40	27,81
645,00	14,89	20,78	33,06	44,12	47,61	47,14	41,98	27,16
655,00	13,94	19,90	32,14	43,63	47,28	46,81	41,60	26,55
665,00	13,36	19,42	31,70	43,32	47,02	46,54	41,29	26,05
675,00	12,90	18,90	31,34	42,99	46,72	46,24	40,90	25,44
685,00	12,29	18,32	30,53	42,68	46,43	45,95	40,54	24,88
695,00	11,52	17,82	30,18	42,39	46,19	45,71	40,26	24,42
705,00	10,90	17,26	29,80	42,11	45,95	45,45	39,95	23,96
715,00	10,43	16,84	29,41	41,76	45,64	45,13	39,56	23,36
725,00	9,58	16,04	28,78	41,29	45,29	44,79	39,15	22,71
735,00	8,81	15,47	28,41	40,98	44,94	44,44	38,75	22,08
745,00	7,53	14,52	27,72	40,62	44,64	44,13	38,39	21,52
755,00	6,72	13,85	26,98	40,26	44,36	43,86	38,06	21,01
765,00	6,21	13,41	26,69	39,96	44,07	43,55	37,69	20,46
775,00	5,65	12,82	26,22	39,69	43,74	43,21	37,27	19,81
785,00	4,70	11,58	25,93	39,43	43,48	42,94	36,96	19,33
795,00	4,03	10,99	25,14	39,05	43,18	42,65	36,61	18,79
805,00	3,64	10,51	24,70	38,73	42,85	42,32	36,23	18,19
815,00	3,31	10,17	24,39	38,50	42,60	42,07	35,94	17,73
825,00	2,76	9,81	23,97	38,21	42,32	41,78	35,58	17,18
835,00	2,31	9,41	23,63	37,90	42,03	41,48	35,24	16,64
845,00	1,88	9,02	23,03	37,52	41,72	41,18	34,87	16,05
855,00	1,46	8,68	22,71	37,23	41,41	40,86	34,49	15,46
865,00	0,37	7,99	22,17	36,89	41,16	40,61	34,20	15,01
875,00	-1,41	5,92	21,67	36,66	40,96	40,40	33,96	14,64
885,00	-2,25	5,09	21,16	36,13	40,57	40,02	33,48	13,94
895,00	-2,58	4,82	20,92	35,90	40,33	39,76	33,19	13,50
905,00	-3,35	3,96	20,16	35,44	39,96	39,40	32,73	12,78
915,00	-4,06	3,24	19,58	35,02	39,63	39,07	32,35	12,20
925,00	-4,58	2,85	19,23	34,73	39,37	38,81	32,04	11,73
935,00	-5,05	2,32	18,59	34,36	39,07	38,52	31,71	11,22
945,00	-5,87	1,42	18,25	34,07	38,76	38,20	31,32	10,63
955,00	-6,50	0,98	17,75	33,67	38,46	37,90	30,95	10,08
965,00	-6,87	0,49	17,37	33,23	38,08	37,52	30,50	9,41
975,00	-7,70	-0,22	16,39	32,64	37,65	37,15	30,03	8,72
985,00	-7,97	-0,56	15,88	32,29	37,32	36,82	29,65	8,13
995,00	-9,19	-1,57	14,91	31,96	37,05	36,52	29,31	7,64
1005,00	-9,57	-2,00	14,44	31,65	36,76	36,23	28,96	7,13
1015,00	-9,91	-2,36	14,04	31,40	36,52	35,99	28,69	6,70
1025,00	-10,80	-3,09	13,59	30,94	36,21	35,70	28,35	6,19
1035,00	-11,08	-3,39	13,32	30,70	35,91	35,36	27,97	5,66
1045,00	-11,30	-3,69	12,73	30,25	35,43	34,87	27,41	4,84
1055,00	-12,66	-4,36	12,15	29,89	35,11	34,54	27,02	4,29
1065,00	-12,83	-4,54	11,84	29,64	34,80	34,22	26,67	3,78
1075,00	-13,01	-4,81	10,61	29,18	34,43	33,84	26,24	3,17
1085,00	-13,29	-5,13	10,34	28,78	34,10	33,51	25,87	2,65
1095,00	-13,36	-5,25	9,97	28,50	33,84	33,24	25,58	2,24
1105,00	-13,53	-5,48	9,58	28,08	33,34	32,74	25,02	1,48
1115,00	-13,60	-5,60	9,22	27,77	33,06	32,46	24,71	1,03
1125,00	-13,67	-5,89	8,13	27,30	32,64	32,06	24,29	0,47
1135,00	-13,76	-5,98	7,77	26,92	32,23	31,63	23,76	-0,33
1145,00	-14,53	-6,32	7,20	26,45	31,81	31,21	23,30	-0,94
1155,00	-14,65	-6,45	6,81	26,03	31,36	30,76	22,80	-1,62
1165,00	-14,72	-6,54	6,47	25,80	31,08	30,46	22,47	-2,06
1175,00	-14,75	-6,77	5,98	25,33	30,64	30,00	21,99	-2,70
1185,00	-16,77	-8,20	5,45	24,73	30,04	29,41	21,29	-3,56
1195,00	-17,19	-8,60	3,73	24,09	29,62	28,98	20,85	-4,09
1205,00	-17,22	-8,66	3,27	23,59	29,11	28,46	20,30	-4,77
1215,00	-17,36	-8,75	2,84	23,19	28,61	27,91	19,74	-5,49
1225,00	-17,47	-8,83	2,16	22,71	28,09	27,37	19,22	-6,10
1235,00	-18,32	-9,31	1,22	21,70	27,23	26,60	18,35	-7,15
1245,00	-18,34	-9,35	0,66	21,14	26,46	25,69	17,55	-8,14
1255,00	-18,37	-9,45	-0,22	20,33	25,73	24,90	16,77	-9,06
1265,00	-18,42	-9,50	-1,03	19,72	25,07	24,22	16,12	-9,86
1275,00	-33,91	-25,10	-1,95	17,29	22,94	22,50	13,96	-11,93
1285,00	-37,00	-28,42	-6,05	14,59	20,89	20,74	11,97	-14,12
1295,00	-38,42	-30,04	-9,07	12,38	18,48	18,56	9,63	-16,70
1305,00	-41,51	-33,56	-12,45	8,54	15,07	15,59	6,49	-20,22

c) Reverse-integrated decay curve  (dB SPL), corrected for missing energy for job 1
Receiver Number: 3 R03                            (x,y,z) = (5,87, -2,72, 1,27)
ms(source)	63	125	250	500	1000	2000	4000	8000
5,00	60,20	60,80	62,42	63,94	64,89	64,66	63,60	61,17
15,00	60,20	60,80	62,42	63,94	64,89	64,66	63,60	61,17
25,00	59,05	59,82	61,77	63,50	64,54	64,29	63,12	60,37
35,00	58,30	59,20	61,34	63,22	64,32	64,06	62,83	59,87
45,00	58,02	58,96	61,18	63,11	64,23	63,96	62,70	59,65
55,00	56,88	58,01	60,52	62,71	63,97	63,71	62,41	59,17
65,00	56,54	57,65	60,20	62,52	63,78	63,51	62,15	58,75
75,00	56,18	57,31	59,93	62,34	63,63	63,36	61,96	58,45
85,00	55,64	56,87	59,60	62,14	63,46	63,19	61,75	58,11
95,00	55,06	56,37	59,23	61,89	63,21	62,94	61,44	57,61
105,00	54,25	55,68	58,71	61,54	62,95	62,67	61,09	57,07
115,00	53,49	55,01	58,21	61,20	62,68	62,40	60,76	56,55
125,00	52,90	54,50	57,78	60,90	62,44	62,15	60,45	56,08
135,00	52,29	53,93	57,31	60,61	62,19	61,90	60,15	55,60
145,00	51,68	53,39	56,88	60,33	61,91	61,62	59,81	55,07
155,00	51,02	52,76	56,37	59,99	61,64	61,34	59,46	54,54
165,00	50,31	52,14	55,89	59,69	61,34	61,03	59,08	53,96
175,00	49,66	51,55	55,43	59,39	61,06	60,75	58,74	53,44
185,00	48,51	50,45	54,62	58,89	60,68	60,37	58,27	52,70
195,00	47,93	49,95	54,25	58,63	60,40	60,08	57,92	52,15
205,00	47,15	49,34	53,80	58,36	60,11	59,80	57,57	51,60
215,00	45,99	48,34	53,10	57,92	59,76	59,45	57,12	50,91
225,00	45,31	47,75	52,69	57,60	59,48	59,16	56,76	50,34
235,00	44,69	47,18	52,28	57,31	59,21	58,88	56,42	49,81
245,00	44,00	46,60	51,84	57,01	58,94	58,60	56,08	49,27
255,00	43,41	46,09	51,40	56,71	58,67	58,34	55,75	48,76
265,00	42,93	45,59	51,05	56,43	58,39	58,05	55,40	48,21
275,00	42,19	44,93	50,48	56,06	58,08	57,74	55,02	47,61
285,00	41,57	44,37	50,03	55,74	57,80	57,45	54,66	47,05
295,00	40,60	43,60	49,45	55,43	57,55	57,20	54,35	46,57
305,00	39,88	42,98	49,02	55,15	57,27	56,92	54,00	46,02
315,00	39,17	42,35	48,56	54,83	56,98	56,63	53,65	45,48
325,00	38,57	41,81	48,12	54,54	56,70	56,35	53,31	44,94
335,00	37,51	40,88	47,53	54,11	56,37	56,02	52,88	44,27
345,00	36,99	40,41	47,09	53,80	56,13	55,77	52,58	43,80
355,00	35,84	39,42	46,51	53,38	55,80	55,44	52,18	43,17
365,00	35,24	38,87	46,06	53,11	55,55	55,20	51,87	42,69
375,00	34,43	38,22	45,53	52,74	55,23	54,87	51,44	42,02
385,00	33,61	37,47	45,09	52,41	54,93	54,57	51,07	41,43
395,00	33,02	36,95	44,63	52,09	54,65	54,30	50,73	40,90
405,00	32,33	36,30	44,03	51,71	54,37	54,01	50,38	40,34
415,00	31,57	35,21	43,59	51,40	54,07	53,70	50,00	39,75
425,00	30,91	34,56	43,07	51,04	53,79	53,41	49,65	39,18
435,00	29,96	33,79	42,51	50,68	53,47	53,08	49,24	38,53
445,00	29,24	33,23	42,12	50,40	53,22	52,82	48,92	38,02
455,00	28,73	32,79	41,81	50,17	53,00	52,59	48,64	37,57
465,00	28,21	32,24	41,35	49,83	52,67	52,26	48,23	36,90
475,00	27,72	31,76	40,96	49,50	52,42	52,01	47,91	36,38
485,00	27,07	31,29	40,68	49,28	52,20	51,78	47,62	35,93
495,00	26,46	30,75	40,28	49,00	51,96	51,54	47,33	35,46
505,00	25,53	30,16	39,81	48,66	51,67	51,26	46,99	34,91
515,00	25,12	29,80	39,54	48,42	51,45	51,03	46,70	34,45
525,00	24,60	29,38	39,25	48,19	51,21	50,79	46,41	33,99
535,00	23,87	28,46	38,15	47,64	50,88	50,47	46,02	33,38
545,00	23,27	27,96	37,67	47,36	50,62	50,21	45,69	32,88
555,00	22,81	27,48	37,24	47,09	50,32	49,91	45,32	32,31
565,00	22,29	27,02	36,90	46,84	50,08	49,66	45,02	31,84
575,00	21,57	26,31	36,27	46,47	49,79	49,37	44,66	31,29
585,00	21,16	25,80	35,92	46,13	49,42	48,97	44,18	30,55
595,00	20,77	25,39	35,60	45,87	49,17	48,71	43,87	30,06
605,00	18,72	23,95	35,02	45,42	48,88	48,42	43,51	29,51
615,00	17,08	22,81	34,64	45,12	48,58	48,14	43,15	28,96
625,00	16,36	22,21	34,36	44,86	48,26	47,80	42,75	28,33
635,00	15,73	21,70	34,04	44,59	48,00	47,53	42,42	27,81
645,00	14,89	20,78	33,06	44,14	47,66	47,18	42,00	27,17
655,00	13,94	19,90	32,14	43,65	47,33	46,86	41,62	26,55
665,00	13,36	19,42	31,70	43,35	47,08	46,60	41,31	26,05
675,00	12,90	18,90	31,35	43,02	46,78	46,29	40,93	25,44
685,00	12,29	18,32	30,53	42,71	46,49	46,01	40,57	24,88
695,00	11,52	17,82	30,18	42,43	46,25	45,77	40,28	24,42
705,00	10,90	17,26	29,81	42,15	46,02	45,52	39,98	23,97
715,00	10,43	16,84	29,41	41,80	45,71	45,21	39,59	23,36
725,00	9,58	16,04	28,79	41,34	45,37	44,87	39,19	22,71
735,00	8,81	15,47	28,42	41,03	45,03	44,53	38,79	22,08
745,00	7,53	14,52	27,73	40,68	44,73	44,23	38,43	21,52
755,00	6,72	13,85	26,99	40,32	44,46	43,96	38,10	21,02
765,00	6,21	13,41	26,70	40,03	44,18	43,65	37,74	20,46
775,00	5,65	12,82	26,23	39,76	43,86	43,33	37,33	19,82
785,00	4,70	11,58	25,95	39,50	43,60	43,06	37,01	19,33
795,00	4,03	10,99	25,15	39,13	43,31	42,78	36,67	18,79
805,00	3,64	10,51	24,71	38,82	42,99	42,46	36,30	18,19
815,00	3,31	10,18	24,41	38,59	42,75	42,23	36,02	17,74
825,00	2,76	9,81	23,99	38,30	42,48	41,95	35,66	17,19
835,00	2,31	9,42	23,65	38,01	42,21	41,66	35,32	16,65
845,00	1,88	9,02	23,05	37,63	41,91	41,36	34,96	16,06
855,00	1,46	8,68	22,74	37,34	41,61	41,06	34,60	15,47
865,00	0,37	8,00	22,19	37,02	41,37	40,82	34,31	15,02
875,00	-1,40	5,93	21,70	36,80	41,18	40,62	34,07	14,66
885,00	-2,25	5,10	21,19	36,28	40,81	40,26	33,61	13,96
895,00	-2,57	4,83	20,96	36,06	40,58	40,02	33,33	13,52
905,00	-3,34	3,97	20,20	35,62	40,24	39,67	32,89	12,80
915,00	-4,05	3,26	19,63	35,22	39,93	39,37	32,52	12,23
925,00	-4,57	2,87	19,29	34,93	39,68	39,12	32,22	11,77
935,00	-5,03	2,34	18,65	34,59	39,40	38,86	31,90	11,26
945,00	-5,85	1,44	18,32	34,31	39,12	38,56	31,53	10,67
955,00	-6,48	1,01	17,83	33,94	38,85	38,29	31,18	10,13
965,00	-6,85	0,53	17,45	33,52	38,50	37,94	30,75	9,46
975,00	-7,67	-0,18	16,49	32,97	38,11	37,60	30,31	8,78
985,00	-7,94	-0,51	15,99	32,65	37,81	37,31	29,96	8,20
995,00	-9,15	-1,52	15,06	32,34	37,57	37,04	29,65	7,72
1005,00	-9,53	-1,94	14,60	32,06	37,31	36,79	29,32	7,22
1015,00	-9,86	-2,29	14,21	31,84	37,10	36,58	29,07	6,80
1025,00	-10,74	-3,01	13,78	31,42	36,84	36,32	28,76	6,30
1035,00	-11,01	-3,30	13,53	31,20	36,57	36,03	28,42	5,79
1045,00	-11,23	-3,60	12,97	30,81	36,17	35,61	27,92	4,99
1055,00	-12,57	-4,26	12,42	30,50	35,90	35,33	27,57	4,46
1065,00	-12,74	-4,43	12,12	30,28	35,64	35,07	27,26	3,97
1075,00	-12,91	-4,69	10,98	29,89	35,34	34,76	26,89	3,39
1085,00	-13,18	-5,00	10,74	29,54	35,07	34,50	26,57	2,89
1095,00	-13,25	-5,12	10,41	29,31	34,87	34,28	26,32	2,51
1105,00	-13,42	-5,35	10,05	28,96	34,48	33,90	25,87	1,80
1115,00	-13,49	-5,46	9,73	28,71	34,26	33,68	25,61	1,38
1125,00	-13,55	-5,74	8,77	28,34	33,95	33,39	25,27	0,86
1135,00	-13,64	-5,83	8,47	28,05	33,65	33,07	24,85	0,14
1145,00	-14,39	-6,16	7,98	27,69	33,36	32,78	24,50	-0,40
1155,00	-14,50	-6,28	7,66	27,37	33,04	32,47	24,12	-1,00
1165,00	-14,57	-6,37	7,39	27,20	32,85	32,27	23,89	-1,38
1175,00	-14,60	-6,59	6,99	26,87	32,57	31,97	23,54	-1,91
1185,00	-16,53	-7,95	6,58	26,46	32,20	31,60	23,06	-2,62
1195,00	-16,92	-8,33	5,32	26,04	31,94	31,35	22,78	-3,04
1205,00	-16,96	-8,39	5,00	25,72	31,65	31,06	22,43	-3,57
1215,00	-17,09	-8,47	4,71	25,48	31,38	30,76	22,10	-4,10
1225,00	-17,19	-8,55	4,28	25,21	31,11	30,49	21,80	-4,53
1235,00	-17,99	-8,99	3,74	24,67	30,71	30,13	21,35	-5,24
1245,00	-18,00	-9,03	3,43	24,40	30,37	29,75	20,96	-5,85
1255,00	-18,03	-9,12	2,99	24,03	30,10	29,46	20,62	-6,37
1265,00	-18,08	-9,17	2,62	23,78	29,87	29,23	20,37	-6,78
1275,00	-27,99	-19,20	2,25	22,98	29,27	28,76	19,68	-7,68
1285,00	-28,60	-19,84	1,10	22,40	28,87	28,40	19,23	-8,38
1295,00	-28,77	-20,03	0,65	22,11	28,56	28,10	18,87	-8,93
1305,00	-29,02	-20,28	0,40	21,83	28,33	27,85	18,60	-9,35

d) Energy-time histogram for Sqr(Px),Sqr(Py) and Sqr(Pz) for job 1
d1)Hint! The energy-intensity curve can be obtained by the formulae 10*log10(Sqrt(Sqr(Px)+Sqr(Py)+Sqr(Pz)
d2)Note! Sqr(Px),Sqr(Py) and Sqr(Pz) are signed values, the sign tells the is part the directional information
Receiver Number: 3 R03                            (x,y,z) = (5,87, -2,72, 1,27)
ms(source)	Sqr(Px),63	Sqr(Py),63	Sqr(Pz),63	Sqr(Px),125	Sqr(Py),125	Sqr(Pz),125	Sqr(Px),250	Sqr(Py),250	Sqr(Pz),250	Sqr(Px),500	Sqr(Py),500	Sqr(Pz),500	Sqr(Px),1000	Sqr(Py),1000	Sqr(Pz),1000	Sqr(Px),2000	Sqr(Py),2000	Sqr(Pz),2000	Sqr(Px),4000	Sqr(Py),4000	Sqr(Pz),4000	Sqr(Px),8000	Sqr(Py),8000	Sqr(Pz),8000
5,00	0	0	0	0	0	0	0	0	0	0	0	0	0	0	0	0	0	0	0	0	0	0	0	0
15,00	181777,078125	162447,71875	2470,361083984375	181718,234375	162395,140625	2469,561279296875	181547,953125	162242,96875	2467,247314453125	181237,515625	161965,546875	2463,0283203125	180821,4375	161593,6875	2457,373779296875	179878,46875	160751	2444,558837890625	176481,890625	157715,59375	2398,39892578125	164009,828125	146569,75	2228,903076171875
25,00	29152,41796875	100655,828125	1319,98291015625	29218,658203125	100556,578125	1372,2471923828125	31290,140625	110577,1953125	1590,70556640625	29634,150390625	109782,296875	1736,349609375	31404,59765625	109308,953125	2610,801025390625	32463,412109375	107895,734375	3697,030517578125	32453,134765625	103737,90625	4121,8193359375	30097,904296875	90246,96875	4053,742431640625
35,00	5321,95654296875	3591,177001953125	2105,63427734375	5910,068359375	4225,92626953125	2816,7685546875	6416,6962890625	5230,67919921875	5342,603515625	6749,4287109375	5759,1171875	13469,474609375	5478,203125	6037,74951171875	20971,4140625	6788,03466796875	9337,2265625	26300,908203125	6646,65625	10188,439453125	26474,291015625	5930,46484375	9874,77734375	24165,953125
45,00	26363,017578125	35466,46875	-16556,43359375	26867,8125	37339,1875	-17637,734375	28003,349609375	46615,859375	-16407,419921875	24508,53125	40577,41015625	-3025,117919921875	21611,716796875	36256,3671875	21815,65625	17377,802734375	33622,91796875	27539,080078125	14135,11328125	30548,119140625	24813,783203125	10540,74609375	23937,5546875	20217,291015625
55,00	4758,41455078125	1018,699951171875	3973,923828125	2694,44921875	2625,17724609375	3986,6552734375	-1278,549072265625	9545,556640625	7400,2744140625	422,946502685546875	10687,333984375	11407,51953125	5643,37158203125	-557,6419677734375	8691,08203125	5597,44091796875	1051,776611328125	10026,9599609375	4913,51416015625	125,929443359375	8173,78271484375	3865,139892578125	651,1160888671875	6152,91259765625
65,00	3947,539794921875	884,19940185546875	4225,45068359375	8458,4638671875	1211,257080078125	3847,941650390625	16690,34765625	2206,7841796875	4963,28076171875	21158,646484375	1991,9764404296875	6577,27685546875	11431,7001953125	-6953,32177734375	8996,1865234375	12076,0283203125	-7554,4375	9992,09375	11401,3193359375	-7983,8037109375	8671,9150390625	8891,3720703125	-6387,40478515625	6643,30712890625
75,00	8995,728515625	-72,104827880859375	3878,6953125	9572,58203125	-2874,239990234375	5441,8740234375	12930,4541015625	-1946,176025390625	6788,53271484375	12928,830078125	-157,293121337890625	9606,6513671875	14583,283203125	1153,039794921875	6307,9755859375	13894,9228515625	2302,82470703125	6150,541015625	12457,8525390625	2062,828369140625	4363,88427734375	8446,5615234375	1556,3592529296875	3086,2138671875
85,00	3367,619873046875	-8115,0810546875	7185,81396484375	2260,495849609375	-10187,1103515625	9125,1572265625	4368,65625	-11036,1591796875	13998,8759765625	9153,474609375	-13782,2548828125	18539,578125	13430,2412109375	-22185,67578125	16242,865234375	12543,029296875	-20603,771484375	16188,150390625	10661,2353515625	-19193,640625	13107,1767578125	6785,67529296875	-12683,9140625	8828,1533203125
95,00	1128,7760009765625	-4643,83984375	-2479,13134765625	3509,177490234375	-8482,306640625	-2497,702392578125	6371,716796875	-5762,4423828125	-3188,817138671875	6209,744140625	-5933,39111328125	1829,3612060546875	7681,70263671875	-8483,9638671875	7604,21337890625	7702,984375	-8925,12890625	7907,744140625	7029,07421875	-7258,58447265625	5377,8642578125	4786,14306640625	-5051,36279296875	3275,079833984375
105,00	-1075,7974853515625	-1071,553955078125	-1489,75146484375	-1350,994140625	-485,5947265625	-2066,3408203125	147,573013305664062	6277,06298828125	-5873,78466796875	-1500,6556396484375	6719,1826171875	-5127,04150390625	-1304,09130859375	-2016,0496826171875	-506,521484375	-2593,456787109375	-1543,05908203125	-1133,119873046875	-2011,1761474609375	-1551,2176513671875	-2076,635009765625	-1011,0784912109375	-926,70159912109375	-1504,72802734375
115,00	2029,5816650390625	-5177,89404296875	-1157,9798583984375	1729,0784912109375	-5594,20556640625	79,4914398193359375	2817,368408203125	-4800,59228515625	-2884,26171875	-1360,27978515625	-7005,244140625	-2167,1884765625	-1150,19580078125	-11033,7421875	-7086,06396484375	-2007,95263671875	-10446,8662109375	-6930,9697265625	-2226,302734375	-9104,0078125	-7483,36767578125	-1629,4720458984375	-5285,66748046875	-4145,06396484375
125,00	2139,076904296875	-1748,625	3624,1552734375	1628,1448974609375	-714,4508056640625	3334,70166015625	-214,061233520507812	-287,219573974609375	-1339,52685546875	2804,414794921875	886,95196533203125	8308,3818359375	-20,8656425476074219	4799,07421875	5975,87939453125	-545,35675048828125	4854,0849609375	5695,01171875	-385,475616455078125	3438,547119140625	3528,03564453125	-395,949615478515625	2201,560546875	1563,9248046875
135,00	1153,162353515625	-98,9291534423828125	3796,179443359375	1665,3955078125	1109,0548095703125	4640,89892578125	2742,615478515625	4870,36865234375	7246,611328125	3039,98681640625	4088,233642578125	14013,69140625	1383,1541748046875	6284,72119140625	9623,828125	1021,66583251953125	6492,52880859375	9500,9580078125	518,3189697265625	5116,9736328125	6402,66015625	361,695098876953125	2580,06494140625	3337,850341796875
145,00	2931,668701171875	2051,437255859375	-797,30535888671875	5823,79345703125	3236,152099609375	-2290,306640625	12427,4208984375	10334,8671875	-6620,689453125	16645,23828125	11787,0595703125	-5708,09130859375	11615,2470703125	1387,79150390625	-59,7561149597167969	11377,6552734375	593,7841796875	68,7379074096679688	9041,4140625	359,668701171875	-1165,01611328125	4683,48779296875	51,3802947998046875	-759,531005859375
155,00	-1666,69873046875	-3394,84912109375	-168,077407836914062	-1358,6319580078125	-3069,7587890625	-201,966339111328125	-432,01519775390625	190,609954833984375	1616,1812744140625	-1208,0955810546875	1372,7393798828125	5102,36279296875	-997,9989013671875	-17808,73828125	-2501,42724609375	-1127,36962890625	-17179,220703125	-2656,233642578125	-1294,4022216796875	-14363,2177734375	-2979,29931640625	-548,91510009765625	-6912,205078125	-1514,292236328125
165,00	1564,596923828125	391,765594482421875	-50,9502944946289062	3728,997314453125	785,42626953125	-663,44732666015625	3444,30712890625	1984,999755859375	-590,169921875	9026,0244140625	198,480697631835938	4148,96337890625	12579,8193359375	516,80035400390625	1520,716064453125	13063,2177734375	451,82696533203125	947,080810546875	9315,2216796875	-116,278656005859375	230,51641845703125	4420,60302734375	-135,002655029296875	53,8309249877929688
175,00	1950,0594482421875	-3530,71826171875	-5417,3310546875	2411,880126953125	-4261,2802734375	-8800,921875	66,7996826171875	-3647,486572265625	-15134,7041015625	3854,0185546875	-8309,697265625	-17285,85546875	-86,98126220703125	-5843,56640625	-8847,357421875	-155,416275024414062	-4918,48095703125	-6968,0126953125	32,5237236022949219	-4603,31591796875	-6922,6650390625	-113,959213256835938	-2108,0478515625	-3359,617919921875
185,00	-173,515243530273438	174,7845458984375	1802,6676025390625	-325,1356201171875	177,996383666992188	2572,120361328125	-212,416732788085938	139,580490112304688	6143,8671875	65,2210693359375	450,253448486328125	10401,9765625	-2563,554443359375	-1481,2998046875	5405,22607421875	-2225,77099609375	-1637,3155517578125	4765,2783203125	-2197,216796875	-1016,39569091796875	2992,451171875	-875,31890869140625	-505,1280517578125	949,30072021484375
195,00	728,5989990234375	-1610,5594482421875	-205,984588623046875	1950,6551513671875	-1387,8875732421875	439,92938232421875	4889,84619140625	-2270,4873046875	555,4041748046875	8370,1416015625	-648,38726806640625	5898,22900390625	10483,640625	-8260,13671875	119,157150268554688	9658,7353515625	-7067,6025390625	393,200439453125	7043,83251953125	-6124,56591796875	-489,57171630859375	2969,018310546875	-2493,516357421875	-324,55841064453125
205,00	-204,849716186523438	-1008,66162109375	-2490,638916015625	246,352096557617188	-1116,229736328125	-3701,18212890625	2131,74365234375	-1149,076171875	-6923,783203125	2453,46630859375	-3093,8759765625	-9173,4326171875	-2032,834228515625	-12427,5087890625	-7525,68896484375	-2758,239013671875	-11132,0400390625	-6380,77490234375	-1980,64501953125	-8942,27734375	-6131,1044921875	-676,55340576171875	-3465,1181640625	-2389,8466796875
215,00	989,46490478515625	-1060,3990478515625	595,6353759765625	1282,40185546875	-1253,8143310546875	849,40533447265625	1247,999267578125	-459,689666748046875	2550,827880859375	408,857269287109375	-2559,52392578125	2793,30078125	3600,136962890625	-3954,614990234375	-206,518905639648438	3298,365478515625	-3709,479248046875	-455,313995361328125	2634,1025390625	-3149,357666015625	-896,5186767578125	919,43707275390625	-1138,4957275390625	-471,52508544921875
225,00	465,260772705078125	202,144866943359375	750,88800048828125	500,11651611328125	-121,008110046386719	976,80133056640625	1118,999755859375	393,044097900390625	2188,771484375	3523,61767578125	155,337203979492188	4577,30078125	3569,410400390625	-512,3841552734375	4928,9609375	3244,926513671875	-746,03082275390625	4842,32568359375	2194,796875	-680,92034912109375	2668,219970703125	871,27862548828125	-317,82525634765625	869,81024169921875
235,00	1156,4605712890625	-138,27392578125	345,78472900390625	1713,7105712890625	-1011,4879150390625	629,821533203125	2674,075927734375	-2904,479736328125	1479,0433349609375	5664,8017578125	-3761,71533203125	3049,5625	8216,41796875	-2705,7607421875	1564,836669921875	7366,111328125	-2064,073974609375	1124,2017822265625	5181,26220703125	-1308,2276611328125	39,0034637451171875	1760,58154296875	-349,612030029296875	-114,367332458496094
245,00	37,5329704284667969	392,771484375	285,117828369140625	194,540740966796875	307,283538818359375	330,358917236328125	848,1700439453125	1607,77783203125	75,7445220947265625	3849,5849609375	2688,395263671875	1083,9832763671875	474,955657958984375	2774,980224609375	-554,57684326171875	786,051025390625	2550,946533203125	64,7464752197265625	450,955169677734375	1723,55810546875	-318,2332763671875	171,86419677734375	509,27008056640625	-176,853118896484375
255,00	316,38104248046875	-150,592788696289062	562,7308349609375	356,47161865234375	-558,3458251953125	548,63433837890625	-19,2564811706542969	-1037,180908203125	1896,5931396484375	-792,9256591796875	-3357,169677734375	2726,63916015625	54,2180023193359375	-6720,3310546875	1177,0777587890625	-237,37744140625	-6386,97900390625	795,38519287109375	-51,2017707824707031	-4509,43359375	167,681259155273438	-19,8386402130126953	-1308,1575927734375	44,9152870178222656
265,00	28,0127487182617188	-186,963958740234375	124,653656005859375	-158,867782592773438	-358,760162353515625	84,4778671264648438	-815,398681640625	-516,76495361328125	-400,72845458984375	223,497879028320312	-957,2391357421875	331,2529296875	2167,1337890625	-767,1871337890625	104,864578247070312	2443,94140625	-483,759735107421875	587,98492431640625	1517,5367431640625	-587,71929931640625	7,11467981338500977	423,54632568359375	-219,043182373046875	-66,1733474731445312
275,00	191,319656372070312	-177,374374389648438	53,0756912231445312	316,9967041015625	-241,645004272460938	76,0619430541992188	112,890678405761719	-143,549697875976562	-89,123809814453125	238,462539672851562	1822,9510498046875	-152,250350952148438	3126,116943359375	-2001,090087890625	689,683837890625	3263,921875	-1442,9522705078125	754,78411865234375	2091,7705078125	-1124,3907470703125	1,93960928916931152	558,35076904296875	-307,015289306640625	-60,8851165771484375
285,00	202,704727172851562	167,34539794921875	-487,254150390625	467,87646484375	94,8357086181640625	-623,02001953125	1610,080322265625	58,4900665283203125	-1629,45654296875	2611,173828125	-1397,609375	938,7042236328125	3085,65771484375	-3425,171875	3149,843505859375	2780,7353515625	-3090,409423828125	3192,033935546875	1638,9036865234375	-2059,52001953125	1723,738037109375	478,38671875	-564,863525390625	453,454132080078125
295,00	-134,057388305664062	-222,22705078125	276,75262451171875	-466,819732666015625	-340,0208740234375	441,417938232421875	-940,54998779296875	189,8900146484375	1471,1258544921875	-2039,5023193359375	1132,6763916015625	4167,5205078125	-1928,92919921875	-4882,181640625	4029,93896484375	-1982,87939453125	-4339,5849609375	3645,409912109375	-1221,656982421875	-2955,14697265625	2066,08740234375	-298,468017578125	-765,8662109375	490,041595458984375
305,00	69,5813140869140625	-177,867019653320312	32,5987701416015625	102,680686950683594	-156,022430419921875	107,125442504882812	410,445587158203125	-477,811004638671875	589,02313232421875	1436,1375732421875	-389,40692138671875	992,905029296875	2086,0234375	-2159,6201171875	215,4818115234375	1868,5845947265625	-2314,081298828125	359,6268310546875	1186,709716796875	-1527,4710693359375	98,660797119140625	283,7718505859375	-379,182647705078125	-29,2382431030273438
315,00	88,8322677612304688	39,9543800354003906	156,467147827148438	130,033355712890625	-71,7850494384765625	262,887847900390625	242,36260986328125	-218,802810668945312	588,87548828125	-147,269989013671875	-789,30413818359375	2018,75146484375	-1044,552734375	-1691,1890869140625	1966,6964111328125	-1314,302490234375	-1444,1307373046875	1782,786376953125	-752,99560546875	-819,33349609375	922,5517578125	-190,817276000976562	-213,703872680664062	194,960235595703125
325,00	-362,40631103515625	-208,71221923828125	-282,732635498046875	-585,50286865234375	-362,434051513671875	-540,2940673828125	-238,871429443359375	-852,27978515625	-73,6950836181640625	-1703,661865234375	-1796,4000244140625	-2531,630126953125	-73,2505416870117188	-3564,75390625	-1756,953857421875	-293,19677734375	-3651,260986328125	-1272,05859375	-297,201568603515625	-2432,3447265625	-1483,861572265625	-46,1275367736816406	-588,94195556640625	-414,3111572265625
335,00	113,21722412109375	-62,5416793823242188	130,30413818359375	194,089508056640625	-69,8695144653320312	196,733734130859375	448,887451171875	558,424560546875	69,7568435668945312	1805,8150634765625	1228,1602783203125	-288,8299560546875	2023,2659912109375	-2029,1121826171875	2073,796875	1791,126708984375	-2197,088623046875	2019,37646484375	930,528076171875	-1459,549072265625	878,41046142578125	195,331649780273438	-289,191009521484375	131,167251586914062
345,00	-283,00811767578125	67,4137496948242188	-189,085205078125	-397,770843505859375	73,7982864379882812	-465,597381591796875	-1462,845458984375	-414,576385498046875	-369,100341796875	-2063,00341796875	-1070,041748046875	-2141,636962890625	333,5421142578125	-3181,80029296875	-707,34161376953125	600,87347412109375	-2730,2880859375	-965,98797607421875	160,399459838867188	-1792,69287109375	-578,986083984375	79,6452713012695312	-390,4373779296875	-153,5845947265625
355,00	13,7065534591674805	-67,8206634521484375	118,889999389648438	-36,3156814575195312	-126,208343505859375	198,090499877929688	-109,225784301757812	-607,903564453125	539,56451416015625	176,85357666015625	-2199,830810546875	2749,691162109375	327,416778564453125	-3345,864990234375	3670,13037109375	352,31390380859375	-3114,3681640625	3453,564453125	242,4898681640625	-1931,034423828125	1818,206787109375	27,6562023162841797	-399,60186767578125	330,92510986328125
365,00	15,5411558151245117	9,53202533721923828	-30,0087814331054688	10,3676033020019531	72,7949676513671875	35,534423828125	303,825103759765625	739,40032958984375	-243,027969360351562	212,68695068359375	1386,0556640625	-565,4716796875	-709,08392333984375	791,86029052734375	-1497,1051025390625	-1010,89581298828125	262,99951171875	-1532,5001220703125	-573,11383056640625	170,070343017578125	-1598,909423828125	-90,4411544799804688	-6,96329259872436523	-356,202362060546875
375,00	34,041473388671875	58,517181396484375	61,5441932678222656	45,2606391906738281	213,5423583984375	70,9196548461914062	26,0046901702880859	666,242431640625	510,0867919921875	-495,486480712890625	2992,495849609375	1552,181640625	-525,43182373046875	2286,031982421875	1456,8568115234375	-474,22906494140625	2045,264892578125	1500,658203125	-261,551483154296875	1186,80712890625	655,67010498046875	-46,1775665283203125	223,719436645507812	101,852752685546875
385,00	28,9449520111083984	-29,118682861328125	64,1376876831054688	21,2862415313720703	-79,9140853881835938	96,7544097900390625	57,1960792541503906	-554,7191162109375	145,756988525390625	510,8685302734375	-717,88299560546875	848,831787109375	1560,208984375	-738,4295654296875	1414,2852783203125	1561,6180419921875	-321,00213623046875	1281,12646484375	685,08978271484375	-353,19818115234375	623,811767578125	126,269088745117188	-53,4508132934570312	86,8452987670898438
395,00	42,6503143310546875	-22,6352157592773438	64,0353927612304688	185,05426025390625	-51,2080039978027344	54,1741867065429688	1025,902587890625	-111,833229064941406	-672,38177490234375	2117,009521484375	-457,612701416015625	-1733,237060546875	1112,7418212890625	-1044,9813232421875	-685,031005859375	870,37396240234375	-978,84686279296875	-949,538818359375	368,244415283203125	-596,52001953125	-365,85552978515625	73,181121826171875	-95,3881072998046875	-96,3382720947265625
405,00	16,3530540466308594	-10,6201686859130859	22,9907741546630859	-232,856765747070312	-70,3767166137695312	-274,04510498046875	-0,431055277585983276	-401,986358642578125	168,491043090820312	-606,1279296875	-987,67742919921875	424,41387939453125	-713,73809814453125	-1107,775634765625	-160,149261474609375	-833,00341796875	-875,3887939453125	-449,90069580078125	-436,98065185546875	-639,44256591796875	-376,160491943359375	-43,8496513366699219	-103,65771484375	-38,4597244262695312
415,00	-5,47181510925292969	-5,37951278686523438	46,2564926147460938	-33,839263916015625	2,63738560676574707	43,5071372985839844	-472,03070068359375	22,3046607971191406	-42,1150436401367188	-628,31890869140625	-292,903106689453125	69,6938629150390625	-972,05859375	-97,8428726196289062	416,451324462890625	-842,9161376953125	-23,0767059326171875	437,522064208984375	-502,93157958984375	-26,5179328918457031	126,000572204589844	-83,9752120971679688	-4,37438583374023438	-3,02587747573852539
425,00	4,04435491561889648	15,0768918991088867	5,63767290115356445	35,528564453125	21,6540546417236328	6,32227945327758789	208,794937133789062	92,997528076171875	-277,072052001953125	319,07232666015625	229,191192626953125	-207,149032592773438	410,620330810546875	-283,429595947265625	-258,402984619140625	281,878509521484375	-324,707977294921875	-604,0667724609375	93,0249176025390625	-239,819183349609375	-260,799163818359375	7,13036155700683594	-39,309478759765625	-49,30108642578125
435,00	16,7140464782714844	12,2736520767211914	22,9493255615234375	35,2407875061035156	22,5866069793701172	54,6180610656738281	163,554580688476562	164,482559204101562	357,60845947265625	642,4720458984375	573,72442626953125	1376,4432373046875	936,26531982421875	675,32989501953125	1696,4434814453125	843,7635498046875	669,30950927734375	1550,1822509765625	444,44097900390625	326,59271240234375	710,4034423828125	57,6274681091308594	36,9673004150390625	87,6265182495117188
445,00	16,1494522094726562	-4,73917818069458008	20,9694442749023438	15,2476329803466797	-2,71834897994995117	53,8318901062011719	-59,563079833984375	9,25122356414794922	261,832183837890625	-160,6624755859375	52,4802513122558594	1496,470947265625	-314,38427734375	-699,0418701171875	2161,87939453125	-262,520111083984375	-475,51910400390625	2013,7021484375	-158,919570922851562	-358,002838134765625	948,99102783203125	-21,9723911285400391	-46,2255134582519531	114,883567810058594
455,00	2,11322212219238281	-15,4707555770874023	15,0933427810668945	-3,86707043647766113	-34,2407302856445312	33,398681640625	-230,215866088867188	-329,789794921875	58,8453216552734375	-771,2093505859375	-622,60211181640625	155,297256469726562	-1133,83447265625	-1792,8441162109375	-178,487777709960938	-913,09515380859375	-1512,44189453125	-125,675514221191406	-570,62225341796875	-888,2525634765625	-185,86102294921875	-71,7967529296875	-114,232177734375	-47,0788040161132812
465,00	8,03309917449951172	0,941300928592681885	17,3832283020019531	23,5274944305419922	3,69571256637573242	29,0726146697998047	35,4837989807128906	-107,518913269042969	47,1929931640625	-178,3453369140625	-258,502777099609375	9,49750137329101562	566,6405029296875	-468,62677001953125	765,8609619140625	589,70477294921875	-342,368255615234375	887,57684326171875	279,514678955078125	-219,456802368164062	323,685577392578125	27,4322681427001953	-34,8506965637207031	29,3855552673339844
475,00	11,2859401702880859	10,8413066864013672	15,7229623794555664	9,13793087005615234	-0,954106509685516357	43,5012168884277344	90,3380813598632812	42,6951370239257812	228,63153076171875	103,538726806640625	-47,3524742126464844	1298,8382568359375	487,018463134765625	-419,275634765625	1647,7451171875	365,504669189453125	-417,853729248046875	1508,6920166015625	173,636810302734375	-159,144912719726562	627,1229248046875	16,9735584259033203	-20,1557979583740234	66,79571533203125
485,00	9,42603683471679688	-16,7120800018310547	7,05859804153442383	18,6792335510253906	-22,4816246032714844	16,7582473754882812	198,422927856445312	43,1470184326171875	25,7915687561035156	865,16363525390625	243,44122314453125	330,68890380859375	728,7061767578125	-569,4921875	925,83349609375	509,25146484375	-681,8287353515625	1075,4378662109375	229,33636474609375	-420,74285888671875	475,439361572265625	27,00701904296875	-44,0291366577148438	45,734954833984375
495,00	11,5483732223510742	-30,7539024353027344	-6,56515741348266602	10,9793415069580078	-36,1093101501464844	8,9676055908203125	268,202911376953125	-140,39447021484375	-79,117889404296875	961,9593505859375	-911,01385498046875	-114,756362915039062	1128,9339599609375	-961,01348876953125	175,405563354492188	894,39593505859375	-828,723876953125	152,606246948242188	450,358551025390625	-398,757049560546875	96,778106689453125	48,4981727600097656	-35,514892578125	-2,54256629943847656
505,00	-2,10612726211547852	3,80005764961242676	11,4027976989746094	-2,44530296325683594	5,68124675750732422	27,1768703460693359	-11,15924072265625	36,8044662475585938	158,175872802734375	-55,634796142578125	-98,63299560546875	914,37335205078125	57,8198127746582031	-394,8922119140625	1257,187744140625	69,734588623046875	-324,878204345703125	1150,233154296875	6,44199895858764648	-175,241744995117188	454,36572265625	4,65368938446044922	-20,3095226287841797	39,0031890869140625
515,00	8,56009769439697266	1,3413856029510498	11,3569135665893555	10,1425771713256836	7,2346034049987793	25,6332206726074219	5,63214969635009766	32,0890274047851562	171,298171997070312	5,74187850952148438	216,713531494140625	1031,53857421875	265,8994140625	-395,362884521484375	1445,09130859375	316,839508056640625	-430,4840087890625	1291,4254150390625	89,5862884521484375	-184,281906127929688	541,2958984375	11,8513240814208984	-24,6191654205322266	47,6512107849121094
525,00	-7,34726905822753906	3,06063318252563477	-1,04671204090118408	0,357477039098739624	-12,4773654937744141	-57,1950836181640625	128,296661376953125	-101,982505798339844	-1070,7816162109375	685,20684814453125	-399,8857421875	-2855,072998046875	1008,97314453125	-725,20684814453125	-1281,518310546875	961,98822021484375	-566,0804443359375	-664,42816162109375	409,117919921875	-312,326202392578125	-377,89306640625	40,238983154296875	-27,6590309143066406	-35,9477500915527344
535,00	-3,8388671875	-4,20400714874267578	-0,0826334729790687561	-4,55177164077758789	-3,67922687530517578	4,71727943420410156	-95,833709716796875	4,5133819580078125	2,21088194847106934	-141,5069580078125	-142,546585083007812	489,6610107421875	-630,2479248046875	73,432098388671875	481,455810546875	-577,94158935546875	87,3526458740234375	560,82611083984375	-299,835357666015625	-4,09348773956298828	177,74462890625	-23,4542636871337891	1,68146967887878418	14,398834228515625
545,00	2,3514096736907959	-1,8857572078704834	2,84241843223571777	6,88456583023071289	-4,48564052581787109	5,53650903701782227	71,5479278564453125	41,5864105224609375	39,397735595703125	452,19854736328125	-11,2530612945556641	506,830322265625	272,10980224609375	-1352,28759765625	522,49444580078125	170,568435668945312	-1323,7767333984375	458,74725341796875	58,1985206604003906	-579,9920654296875	156,842742919921875	4,84633779525756836	-46,0308952331542969	12,2634477615356445
555,00	-0,387246936559677124	-2,40374517440795898	3,98581147193908691	-1,92883801460266113	-1,42320632934570312	9,37293148040771484	-56,741851806640625	-2,0946650505065918	82,26861572265625	-150,084320068359375	-39,8766708374023438	651,68450927734375	-382,78765869140625	-379,49591064453125	808,64984130859375	-378,511932373046875	-422,57855224609375	722,23333740234375	-182,396392822265625	-185,481292724609375	296,542633056640625	-13,7857484817504883	-15,6888904571533203	22,4610576629638672
565,00	0,770247340202331543	-10,7497444152832031	-2,22365117073059082	-3,63049530982971191	-28,8269634246826172	-7,5992279052734375	-87,2121047973632812	-148,612457275390625	-82,6504669189453125	-58,9676322937011719	-378,78564453125	-197,461929321289062	849,92718505859375	-627,2464599609375	24,8804512023925781	837,636474609375	-616,4749755859375	-3,6940762996673584	345,95587158203125	-276,44195556640625	-20,3739719390869141	24,6119651794433594	-19,0441169738769531	-1,72223830223083496
575,00	1,53246724605560303	-1,17884588241577148	3,07099723815917969	0,403442710638046265	-4,8504633903503418	1,98178625106811523	35,55670166015625	18,9473514556884766	55,0026168823242188	144,629989624023438	454,86767578125	-3,05238199234008789	-199,956161499023438	131,549362182617188	-682,86614990234375	-544,31109619140625	279,2154541015625	-864,88580322265625	-157,031600952148438	82,753021240234375	-351,42401123046875	-11,5845127105712891	6,12079048156738281	-27,0163307189941406
585,00	-0,64744877815246582	-1,11291277408599854	4,39004802703857422	1,05472230911254883	-5,15525436401367188	10,0089960098266602	28,9353599548339844	-16,6102886199951172	49,1997337341308594	129,937606811523438	21,894073486328125	320,324951171875	10,8602218627929688	-482,7310791015625	586,63323974609375	-69,8285064697265625	-362,8404541015625	552,00177001953125	3,00034379959106445	-188,210067749023438	201,749725341796875	-1,20414412021636963	-13,3385820388793945	13,2131814956665039
595,00	-13,4655189514160156	7,65870189666748047	-30,9391613006591797	-25,1599998474121094	16,9619693756103516	-58,3674240112304688	-75,0663070678710938	83,0126266479492188	-134,903121948242188	-289,611328125	385,05938720703125	-960,9141845703125	-69,2760772705078125	188,943740844726562	-252,439102172851562	9,44491672515869141	74,4253311157226562	-76,7565841674804688	-17,8825912475585938	34,94140625	-92,408416748046875	-1,05618512630462646	2,2763221263885498	-4,38122081756591797
605,00	-9,05869293212890625	5,11965417861938477	-8,63983535766601562	-10,1504631042480469	8,48515605926513672	-15,538966178894043	40,5848236083984375	1,48722362518310547	21,5926570892333984	146,963134765625	18,7703418731689453	217,946075439453125	-50,0858993530273438	295,910003662109375	103,33782958984375	-11,5488204956054688	260,066436767578125	246,257476806640625	-30,4415664672851562	100,679824829101562	49,20654296875	0,114825844764709473	4,86316204071044922	3,1929628849029541
615,00	-0,94429701566696167	0,00463886372745037079	1,69629275798797607	-2,50683832168579102	-1,10424327850341797	5,05572509765625	16,5255298614501953	8,87948513031005859	50,10174560546875	51,1095695495605469	48,5127296447753906	338,81524658203125	278,901519775390625	-293,759033203125	-60,2889633178710938	225,388839721679688	-341,623870849609375	-128,881240844726562	80,0358963012695312	-131,59698486328125	-58,58966064453125	6,72897052764892578	-7,83974075317382812	-4,89647960662841797
625,00	0,324590086936950684	0,729883313179016113	1,82427346706390381	-1,51816892623901367	0,201379776000976562	4,18641376495361328	9,35643959045410156	-14,563755989074707	40,5168075561523438	-29,8173274993896484	-126,834487915039062	316,427703857421875	-303,7772216796875	-301,546356201171875	414,8555908203125	-186,100006103515625	-262,713714599609375	341,464385986328125	-116,529945373535156	-126,396095275878906	114,316055297851562	-6,6283564567565918	-7,01707220077514648	5,63741350173950195
635,00	-1,14369869232177734	0,505594015121459961	0,330581963062286377	4,45342302322387695	-6,24895048141479492	-3,67468476295471191	108,114776611328125	-157,046401977539062	-174,774093627929688	-130,831756591796875	-256,734588623046875	-408,432830810546875	-445,734893798828125	-308,287811279296875	-353,795745849609375	-364,8927001953125	-247,508224487304688	-271,94195556640625	-155,588485717773438	-110,736663818359375	-119,331504821777344	-9,09607696533203125	-5,82350826263427734	-7,05919551849365234
645,00	-0,428771346807479858	0,770348727703094482	0,404174208641052246	-5,36154270172119141	-0,187926098704338074	-0,53044968843460083	-111,167770385742188	-30,97174072265625	-96,9137802124023438	-319,994659423828125	183,932830810546875	-437,848907470703125	-275,4150390625	191,946273803710938	-127,595710754394531	-214,497207641601562	184,012481689453125	-26,8446903228759766	-72,5488128662109375	69,0503997802734375	-17,3083038330078125	-3,65778923034667969	3,66007232666015625	-1,7429807186126709
655,00	0,00789151433855295181	-0,230550482869148254	0,740090250968933106	0,686197757720947266	-0,889578163623809814	1,61507618427276611	-19,5347042083740234	-8,05539417266845703	-11,9330043792724609	-138,795806884765625	-16,2971878051757812	-47,2522773742675781	76,2041473388671875	-336,97198486328125	164,581085205078125	92,83953857421875	-344,26727294921875	135,310073852539062	38,0147628784179688	-123,5823974609375	58,7574386596679688	1,90806257724761963	-5,84682321548461914	1,28702855110168457
665,00	0,382621616125106812	0,104852214455604553	0,506878137588500977	1,5910114049911499	1,28671073913574219	0,31069636344909668	17,9111957550048828	-23,7994747161865234	18,3515033721923828	124,902885437011719	-199,342803955078125	54,487762451171875	177,152130126953125	-294,678955078125	-62,2005195617675781	172,728958129882812	-315,296966552734375	-95,1920547485351562	62,53875732421875	-118,643714904785156	-78,490020751953125	2,5885469913482666	-5,59572219848632812	-3,31069564819335938
675,00	-0,371955543756484985	-0,313009411096572876	0,717965126037597656	-1,12869155406951904	-0,30424615740776062	0,696803808212280273	-63,7293281555175781	-7,80311346054077148	-81,2009506225585938	-123,597175598144531	19,9217891693115234	36,0172386169433594	-122,790229797363281	39,0448112487792969	37,4644088745117188	-84,7089920043945312	23,3140850067138672	199,070480346679688	-26,3045253753662109	9,54723834991455078	33,08477783203125	-0,907636761665344238	0,644014716148376465	1,11775743961334229
685,00	-0,564269304275512695	0,255285769701004028	1,06594753265380859	-0,562720596790313721	-0,147659212350845337	2,67102384567260742	-3,86374759674072266	7,44357013702392578	20,7279701232910156	-59,35595703125	5,76547336578369141	191,089340209960938	80,0280838012695312	-213,366806030273438	336,289093017578125	104,494964599609375	-229,93463134765625	318,593017578125	24,6377601623535156	-77,8421401977539062	103,15008544921875	1,21117937564849854	-3,2804114818572998	3,78264141082763672
695,00	0,812699794769287109	-0,568720102310180664	0,268360495567321777	1,8528820276260376	-1,14462888240814209	0,867269515991210938	-2,87636995315551758	1,1315082311630249	24,6006546020507812	91,6554641723632812	-103,793487548828125	213,111709594726562	259,20947265625	-313,4969482421875	313,9329833984375	363,9578857421875	-307,962310791015625	185,383865356445312	105,709037780761719	-121,706031799316406	72,349273681640625	3,86326217651367188	-4,57401561737060547	3,19485235214233398
705,00	0,0940830335021018982	-0,0853188633918762207	0,19062553346157074	0,658024907112121582	0,322091847658157349	0,848662674427032471	-0,424798399209976196	14,691126823425293	11,1330556869506836	38,7871818542480469	13,3111963272094727	-1,89546668529510498	7,24955511093139648	-209,507858276367188	-73,5247726440429688	21,0720615386962891	-223,64105224609375	-73,2261734008789062	-8,60651206970214844	-83,7889785766601562	-46,1166496276855469	-0,228122517466545105	-3,27820491790771484	-2,08684873580932617
715,00	-0,367837309837341309	0,329430609941482544	0,349994301795959473	-1,0918879508972168	2,49091410636901855	-0,880907654762268066	-1,76158785820007324	51,5888862609863281	-18,9396572113037109	-153,35198974609375	387,883148193359375	-322,501220703125	-104,802619934082031	552,28741455078125	-400,98089599609375	-34,8887939453125	453,47412109375	-263,589935302734375	-25,8706493377685547	139,391815185546875	-97,248748779296875	-0,909811496734619141	5,60608243942260742	-4,20416021347045898
725,00	0,058564700186252594	-0,506842076778411865	0,321812242269515991	-0,223885178565979004	-0,765888512134552002	1,01379632949829102	-8,15450954437255859	-0,0832557454705238342	17,8494338989257812	-99,1547393798828125	-38,809783935546875	75,972808837890625	-444,970977783203125	-341,069122314453125	-200,546661376953125	-402,97186279296875	-301,66845703125	-135,69293212890625	-117,958549499511719	-103,204093933105469	-39,12542724609375	-3,67955660820007324	-3,47581768035888672	-1,87004625797271729
735,00	0,654217123985290527	0,0728387758135795593	-0,355359166860580444	1,74089241027832031	-0,833532929420471191	-2,2030487060546875	34,9785652160644531	-18,176910400390625	-31,1615524291992188	196,942291259765625	-56,4366340637207031	-66,344970703125	286,90338134765625	-119,629989624023438	-172,486602783203125	238,762191772460938	-108,648239135742188	-186,2777099609375	85,6454086303710938	-34,9372062683105469	-52,405426025390625	2,52758026123046875	-1,14003562927246094	-1,46259200572967529
745,00	-0,0709202736616134644	0,104808934032917023	0,121330030262470245	-0,556800723075866699	0,420685708522796631	0,396260082721710205	-35,9839057922363281	19,8084030151367188	-3,60339236259460449	-174,61456298828125	123,104240417480469	60,9102630615234375	-51,5413055419921875	118,841163635253906	158,310516357421875	6,26139736175537109	78,4146270751953125	175,248245239257812	-18,1518650054931641	20,54644775390625	44,5845184326171875	-0,316164225339889526	0,52400660514831543	1,37335801124572754
755,00	0,0710266679525375366	-0,0688192844390869141	0,235795959830284119	0,270750522613525391	-0,241188555955886841	0,578844130039215088	4,16910171508789062	-0,297836154699325562	12,8827524185180664	27,6980781555175781	56,7561225891113281	66,65771484375	8,93653678894042969	114,605354309082031	20,5845489501953125	-19,7698726654052734	150,425918579101562	-14,5352983474731445	-3,85025906562805176	39,722625732421875	-5,64966249465942383	-0,283174425363540649	0,92562556266784668	0,0191141590476036072
765,00	0,0788548663258552551	0,0889737159013748169	0,100302174687385559	0,397891819477081299	0,320153802633285522	0,127391353249549866	2,36323714256286621	0,15271402895450592	-1,73801553249359131	58,5803604125976562	43,6602935791015625	98,1902313232421875	17,9478836059570312	-214,814132690429688	-62,4242668151855469	18,9908199310302734	-196,299240112304688	-42,8680648803710938	-8,58880996704101562	-72,7035980224609375	-30,245880126953125	0,0748958513140678406	-1,95576798915863037	-0,761128008365631104
775,00	-0,32522118091583252	-0,141342982649803162	0,0355729609727859497	-2,82526111602783203	-0,826146841049194336	-0,423296719789505005	2,26879382133483887	2,30329728126525879	8,30294132232666016	-19,8868484497070312	6,59704685211181641	108,275550842285156	-75,9596405029296875	-54,8221092224121094	151,151092529296875	-32,8687171936035156	-47,7901496887207031	128,284820556640625	-12,3245611190795898	-23,7023639678955078	38,1044082641601562	-0,208033427596092224	-0,677587568759918213	1,00044727325439453
785,00	-0,102824583649635315	0,0518466420471668243	0,162997409701347351	-0,112429365515708923	-0,00827897340059280396	0,445456176996231079	2,78036880493164062	4,29774856567382812	-7,57728052139282227	1,081565260887146	36,3680267333984375	14,1289339065551758	107,331993103027344	22,6489925384521484	96,249481201171875	77,722198486328125	1,79427361488342285	118,528846740722656	23,6634788513183594	-0,534237027168273926	28,9786777496337891	0,605802297592163086	-0,0102735767140984535	0,630335390567779541
795,00	0,0286411233246326447	0,00752819841727614403	0,0558552183210849762	0,323436200618743896	-0,0495010837912559509	0,11489211767911911	8,33089828491210938	2,12821817398071289	0,984039962291717529	89,4103775024414062	0,54732745885848999	33,0898628234863281	273,347412109375	-20,2614822387695312	-22,1319198608398438	224,2847900390625	-24,0878829956054688	-14,7209863662719727	57,0559425354003906	-15,1640214920043945	1,10088646411895752	1,77072024345397949	-0,281520962715148926	-0,109506994485855102
805,00	0,0460838675498962402	-0,0109249157831072807	0,0720403566956520081	0,24500429630279541	-0,097993016242980957	0,214540556073188782	0,429269611835479736	1,0330427885055542	3,9021151065826416	-1,85727560520172119	27,8007411956787109	81,0172958374023438	99,4419174194335938	-89,4481124877929688	146,033187866210938	88,4719009399414062	-88,07037353515625	145,946685791015625	25,2407093048095703	-30,7294120788574219	38,2659645080566406	0,606863677501678467	-0,665420472621917725	0,835015475749969482
815,00	0,0847860649228096008	-0,0512213259935379028	-0,0208336487412452698	0,19798782467842102	-0,0482565835118293762	0,193551331758499146	3,09702587127685547	-3,26975893974304199	0,5763893723487854	65,8165512084960938	-26,0579662322998047	26,4062328338623047	36,2621345520019531	-128,482406616210938	1,63511693477630615	3,45775318145751953	-123,024810791015625	5,1525115966796875	5,70682191848754883	-32,7716064453125	-12,9994583129882812	0,468069642782211304	-0,725468993186950684	-0,332449734210968018
825,00	0,0408490747213363647	0,037006869912147522	0,0381851121783256531	0,259858220815658569	0,0443258695304393768	0,154276400804519653	1,42249834537506104	-1,36715054512023926	3,79697823524475098	22,3611698150634766	-60,2847099304199219	51,6488113403320312	66,9549560546875	-162,211563110351562	94,2772293090820312	72,446136474609375	-128,55657958984375	74,8361968994140625	18,4518070220947266	-40,7467308044433594	19,4419231414794922	0,343776404857635498	-1,07468366622924805	0,357594281435012817
835,00	0,0398143529891967773	-0,0031309186015278101	0,0328911095857620239	0,0493169352412223816	-0,0695402249693870544	0,132589742541313171	10,3154315948486328	2,26161360740661621	-5,21088361740112305	157,682174682617188	4,47579336166381836	-80,7621994018554688	190,294097900390625	-28,7498569488525391	-17,9165420532226562	120,210586547851562	-38,1678123474121094	17,2198143005371094	39,0695648193359375	-11,7763957977294922	-2,82959628105163574	0,872979581356048584	-0,186996370553970337	-0,236418962478637695
845,00	0,032159850001335144	-0,0265036914497613907	0,0510311610996723175	0,151464760303497314	-0,0235591903328895569	0,152505084872245789	3,0727238655090332	-1,11974096298217773	3,6164553165435791	64,0999679565429688	-33,9445533752441406	50,6716537475585938	58,6037673950195312	-112,345367431640625	71,738616943359375	35,077239990234375	-105,631057739257812	70,121124267578125	10,9760475158691406	-25,2496185302734375	15,5080680847167969	0,257811784744262695	-0,490459680557250977	0,227481499314308166
855,00	0,0516929104924201965	-0,0452508144080638886	0,040232338011264801	0,196376696228981018	-0,230676189064979553	0,107513479888439178	2,34819698333740234	-9,55856132507324219	1,89730179309844971	62,2984619140625	-51,4550895690917969	26,106903076171875	106,143608093261719	-73,094268798828125	106,293205261230469	104,636550903320312	-83,2969970703125	108,165771484375	29,0497970581054688	-24,9534626007080078	27,6465969085693359	0,522847652435302734	-0,408828675746917725	0,504312992095947266
865,00	0,000143871380714699626	0,24342210590839386	-0,0712142810225486755	0,0106486789882183075	1,77730119228363037	-0,708520710468292236	0,940812289714813232	8,9967041015625	-1,00353920459747314	14,0505399703979492	38,2047386169433594	52,0295982360839844	26,1615543365478516	-62,7180519104003906	138,384506225585938	18,83282470703125	-64,3041000366210938	132,027587890625	3,87391376495361328	-19,0953540802001953	33,4819602966308594	0,0829785838723182678	-0,320382803678512573	0,582176566123962402
875,00	0,0122265564277768135	0,00238699093461036682	-0,00769072165712714195	0,0224279183894395828	0,0816405117511749268	-0,270994395017623901	3,94211053848266602	0,274993747472763062	-2,41364336013793945	-24,8640880584716797	11,1981439590454102	-197,505508422851562	1,34905874729156494	-44,096405029296875	-182,706985473632812	19,7510814666748047	-44,6239013671875	-142,839263916015625	-0,927973031997680664	-12,8306436538696289	-55,257049560546875	0,0166062656790018082	-0,199951499700546265	-0,893307089805603027
885,00	0,000287106231553480029	-0,0104104867205023766	0,012939702719449997	0,0454664900898933411	-0,0380838029086589813	0,0673526078462600708	1,18766260147094727	-0,542457103729248047	2,70653247833251953	28,2232532501220703	-11,4491147994995117	58,088775634765625	40,8218994140625	-63,3543663024902344	98,1068572998046875	28,4796981811523438	-75,6039505004882812	92,3844757080078125	9,62102794647216797	-15,2810382843017578	21,8569526672363281	0,155685901641845703	-0,216009363532066345	0,359790891408920288
895,00	0,00900816358625888824	-0,000246350740781053901	0,030282163992524147	-0,0796179547905921936	-0,0650838315486907959	0,0240011271089315414	-5,18086671829223633	0,688454568386077881	-4,42452430725097656	-7,11288118362426758	-19,4961776733398438	-71,3807907104492188	28,2739887237548828	20,0619449615478516	-104,257606506347656	51,82244873046875	49,1093940734863281	-65,9181976318359375	17,0939407348632812	13,5992698669433594	-31,0467739105224609	0,309869974851608276	0,157760202884674072	-0,635999977588653564
905,00	0,0354772694408893585	-0,00888707861304283142	0,0183160398155450821	0,0968324616551399231	-0,0104396725073456764	0,048360828310251236	-1,60180330276489258	-0,589033722877502441	0,141325846314430237	7,08717679977416992	11,5187110900878906	-18,4644775390625	73,5860595703125	21,5472011566162109	-30,1884651184082031	78,3941268920898438	18,7799777984619141	-11,8234281539916992	18,9364528656005859	1,84420144557952881	-7,45012664794921875	0,229296937584877014	0,0235659200698137283	-0,100506626069545746
915,00	0,00200161314569413662	0,00724317273125052452	0,00969009660184383392	0,0248748864978551865	0,000254354788921773434	0,03421817347407341	-1,01041615009307861	0,0990926101803779602	1,28768980503082275	-11,9295244216918945	-7,77301788330078125	32,8122177124023438	-32,7622795104980469	-11,5299177169799805	70,658935546875	-22,2767772674560547	-16,4898014068603516	64,8533859252929688	-5,01905727386474609	-5,49013566970825195	15,4595756530761719	-0,109245993196964264	-0,0844899937510490418	0,216704890131950378
925,00	-0,00420478591695427895	0,00122966256458312273	0,000731649575755000114	0,00300458073616027832	0,053783707320690155	-0,0100253382697701454	2,55812263488769531	3,73863339424133301	-2,96534872055053711	41,8235206604003906	24,7208366394042969	-14,9167203903198242	80,6011734008789062	-8,55566978454589844	22,2081928253173828	60,5960006713867188	-37,0017662048339844	46,1684341430664062	14,2753305435180664	-7,59670209884643555	7,47448968887329102	0,227166742086410522	-0,0779395401477813721	0,0726725682616233826
935,00	-0,00888506136834621429	0,0105159878730773926	0,0330432020127773285	0,00365864415653049946	-0,101520486176013946	0,109883368015289307	1,07388877868652344	-0,996507465839385986	1,26658391952514648	16,891357421875	-23,3182468414306641	22,7773265838623047	69,4010391235351562	-81,563446044921875	1,1550067663192749	48,9216880798339844	-70,3023452758789062	-12,9220218658447266	14,7582864761352539	-16,1124801635742188	-9,24916362762451172	0,212039396166801453	-0,20673111081123352	-0,180770143866539001
945,00	0,00583988754078745842	0,00502604758366942406	0,00750102661550045013	0,0285325329750776291	-0,00349575839936733246	0,043151412159204483	1,97912836074829102	0,0511147640645503998	0,10540742427110672	73,3893661499023438	-4,14160585403442383	-18,1555366516113281	48,3954391479492188	-19,1430206298828125	11,5395269393920898	30,3024826049804688	-1,45656836032867432	10,5788106918334961	9,68825054168701172	-0,120229214429855347	-2,77838277816772461	0,11159813404083252	-0,00906619895249605179	-0,0319289118051528931
955,00	0,00199311249889433384	-0,00193092308472841978	0,00622962089255452156	0,0130204576998949051	-0,00608426472172141075	0,033736102283000946	0,805735468864440918	-0,689677655696868896	0,424532204866409302	9,10638713836669922	-46,4979515075683594	-4,79278659820556641	3,81041407585144043	-96,9437179565429688	-9,64948463439941406	0,573251903057098389	-64,6214370727539062	-6,48711585998535156	0,507559657096862793	-18,7169246673583984	-4,55181407928466797	0,013692154549062252	-0,226456433534622192	-0,0549254491925239563
965,00	0,0140601592138409615	-0,00475311325863003731	-0,0148666361346840858	0,0386345498263835907	-0,020482698455452919	-0,044852573424577713	1,35579764842987061	-1,35339140892028809	-4,01765775680541992	18,8404502868652344	-7,48000860214233398	-75,66943359375	27,5031528472900391	-12,7085580825805664	-106,460960388183594	26,7143001556396484	-11,226374626159668	-50,8620262145996094	7,73958444595336914	-4,73488950729370117	-20,5126018524169922	0,0722886845469474792	-0,0541825629770755768	-0,218248799443244934
975,00	-0,00177401083055883646	0,000758211303036659956	0,00327504775486886501	-0,00165749248117208481	0,00516140181571245193	0,0228487644344568253	-1,14259850978851318	-1,14292895793914795	0,0405220575630664825	-20,7268657684326172	-28,9299297332763672	6,80788898468017578	-27,1189632415771484	-71,1605300903320312	-1,55252611637115479	-29,1700344085693359	-55,5702590942382812	1,35660433769226074	-5,3455357551574707	-14,7382221221923828	-0,430868923664093018	-0,0625970661640167236	-0,183267876505851746	-0,0296163987368345261
985,00	-0,0192085839807987213	0,00364025123417377472	0,00126961653586477041	-0,0862824991345405579	0,0561640635132789612	0,0125434296205639839	-3,54035067558288574	2,3524017333984375	0,340037673711776733	-15,789515495300293	7,42151641845703125	25,2467269897460938	39,7270240783691406	-45,0786018371582031	40,4866752624511719	44,8365440368652344	-46,7706947326660156	21,892486572265625	7,39635848999023438	-8,82724094390869141	6,61530590057373047	0,0744215026497840881	-0,091883443295955658	0,0634329840540885925
995,00	0,00435331137850880623	0,000650519446935504675	0,00420115841552615166	0,020666932687163353	-0,00141025858465582132	0,0178905967622995377	-0,422666817903518677	0,0639973655343055725	0,541057825088500977	-6,18983650207519531	15,0963888168334961	17,5230293273925781	6,2376856803894043	-13,0347738265991211	36,1575431823730469	8,50589275360107422	-7,67815303802490234	34,0882072448730469	-0,622234463691711426	-2,33747982978820801	5,68804597854614258	-0,000627301633358001709	-0,0419017411768436432	0,0592746920883655548
1005,00	0,00244440021924674511	0,00311390566639602184	0,00238484330475330353	0,00849106628447771072	0,0110294781625270844	0,0169664323329925537	0,31296345591545105	0,0659102573990821838	0,585383713245391846	1,3492501974105835	-2,12241339683532715	24,7782554626464844	16,75347900390625	-31,0714969635009766	52,3427085876464844	22,2282257080078125	-18,8441047668457031	46,80938720703125	4,63798666000366211	-4,42354440689086914	9,10438728332519531	0,0563973709940910339	-0,0539468675851821899	0,0793131813406944275
1015,00	-0,00746045494452118874	-0,00892447773367166519	-0,0031382204033434391	-0,0059726606123149395	-0,0449442043900489807	-0,0209930837154388428	0,108247600495815277	-0,634116053581237793	-0,0888448059558868408	10,8172445297241211	-36,04376220703125	-13,4783401489257812	17,7183628082275391	-38,0420608520507812	11,0151023864746094	21,6339092254638672	-25,6920318603515625	18,0294075012207031	4,73739337921142578	-6,86795330047607422	2,56880998611450195	0,034994959831237793	-0,0653213188052177429	0,0142339710146188736
1025,00	0,00105370755773037672	-0,00137896102387458086	0,00191192969214171171	0,00572688784450292587	-0,00304024922661483288	0,00854537263512611389	-0,0209725741297006607	0,0164978988468647003	0,482743442058563232	8,10693168640136719	4,31900882720947266	17,1334171295166016	34,6889801025390625	2,51808810234069824	25,089324951171875	38,0105400085449219	20,88043212890625	13,5879001617431641	8,3050384521484375	2,27219653129577637	2,4544987678527832	0,0679392293095588684	0,020372902974486351	0,0235440563410520554
1035,00	9,47571970755234361E-5	-0,00021243725495878607	0,00210471497848629951	0,00386784086003899574	0,00183470302727073431	0,00711301574483513832	0,762319028377532959	1,00768351554870605	-0,63702094554901123	20,3970623016357422	21,4610595703125	-16,154388427734375	23,7328662872314453	0,0656851306557655334	-85,4793548583984375	20,1178951263427734	-16,2114028930664062	-82,541015625	3,90322566032409668	-0,810310244560241699	-18,5074481964111328	0,0328245609998703003	-0,00109542906284332275	-0,155049607157707214
1045,00	-0,000260813190834596753	-0,00834139622747898102	-0,00432554958388209343	0,0016082199290394783	-0,0233449377119541168	-0,00177639443427324295	0,344227075576782227	-0,405700236558914185	-0,524165928363800049	4,20702886581420898	-11,3510122299194336	3,75149226188659668	-6,76370668411254883	-33,363739013671875	31,4883880615234375	-14,0615530014038086	-31,0712032318115234	29,8543529510498047	-4,24895143508911133	-7,03825902938842773	4,64263677597045898	-0,035221979022026062	-0,0520439296960830688	0,0329091846942901611
1055,00	0,000618793827015906572	0,000263295718468725681	0,000625936605501919985	0,000299068458843976259	0,000274181074928492308	0,00376474065706133842	-0,0432153232395648956	0,186040431261062622	0,392418473958969116	4,82595586776733398	1,76084470748901367	13,4442834854125977	-1,49934399127960205	0,958215415477752686	26,3079109191894531	4,42740249633789062	2,65959620475769043	23,2739658355712891	-0,275595515966415405	-0,0299463905394077301	4,44263553619384766	0,00174934801179915667	-9,96868402580730617E-5	0,0335086174309253693
1065,00	6,51052905595861375E-5	-0,000816034560557454824	0,000477225636132061481	0,000794704188592731953	-0,00840895529836416244	0,00202464871108531952	-0,767963588237762451	-2,14010834693908691	-0,985604584217071533	-3,37159228324890137	-31,7624492645263672	-10,0258455276489258	-5,67461204528808594	-30,9662570953369141	-3,22648453712463379	-6,82202720642089844	-28,0984840393066406	-2,8800053596496582	-0,122874259948730469	-5,94608926773071289	-1,49670302867889404	0,00764728011563420296	-0,045174524188041687	-0,0146199213340878487
1075,00	0,00118839333299547434	0,000207533637876622379	0,00101737421937286854	0,00690998369827866554	0,00320175639353692532	0,00119408220052719116	0,0868153572082519531	0,0430038571357727051	0,237391009926795959	11,1153573989868164	11,4288082122802734	-2,2533111572265625	6,0280914306640625	8,57096481323242188	10,2473773956298828	2,07419419288635254	1,84115934371948242	15,8718652725219727	0,375859826803207397	0,252449095249176025	2,08779025077819824	-0,0068070502020418644	-0,00578586850315332413	0,0168429650366306305
1085,00	3,49834663211368024E-5	-4,03675221605226398E-6	0,000304604822304099798	0,000964181206654757261	-0,000794393068645149469	0,00243322877213358879	0,215506136417388916	0,0152739714831113815	0,242647215723991394	6,27695369720458984	-4,11691617965698242	12,0668210983276367	17,1015110015869141	-24,9020595550537109	32,7955436706542969	13,9483375549316406	-16,1466159820556641	27,4170608520507812	2,89265847206115723	-3,6635282039642334	4,80085611343383789	0,020174611359834671	-0,0251338258385658264	0,0315244607627391815
1095,00	0,000273880112217739224	0,000337495876010507345	0,000612565083429217339	-0,000869602255988866091	0,00329595268703997135	0,00358167476952075958	0,142278537154197693	0,0245116520673036575	0,120458759367465973	-0,244523808360099792	9,57607173919677734	0,799759328365325928	-18,6449203491210938	-1,80708611011505127	-14,7655515670776367	-15,1952800750732422	-0,75295490026473999	-13,9677104949951172	-3,3514862060546875	-1,31102669239044189	-3,03533029556274414	-0,0176359135657548904	0,00155155174434185028	-0,0233257804065942764
1105,00	0,00015559815801680088	-0,000183942072908394039	0,000246647716267034411	0,00111095199827104807	0,000491723883897066116	0,00238322117365896702	0,0101295020431280136	0,0741704404354095459	0,131126359105110168	3,61896371841430664	2,78194117546081543	6,36084890365600586	5,71104717254638672	0,0086703496053814888	22,7524032592773438	4,58403253555297852	-2,66850781440734863	22,7284603118896484	0,815326988697052002	-0,572926640510559082	3,34823346138000488	0,00271752523258328438	-0,00594907952472567558	0,0168343689292669296
1115,00	8,02337945060571656E-6	-0,000173542503034695983	0,000299618055578321218	0,00581907434388995171	0,00390572147443890572	-0,00622484227642416954	0,878374576568603516	-0,392682045698165894	-0,909255027770996094	10,5322351455688477	0,184144452214241028	-8,67579460144042969	33,5521583557128906	-3,32751369476318359	-20,7067699432373047	24,8483009338378906	-3,43378400802612305	-9,79285812377929688	4,98747873306274414	-1,57747018337249756	-2,31484746932983398	0,0271396152675151825	-0,010999562218785286	-0,0118444934487342834
1125,00	0,000376544019673019648	0,000316729390760883689	-6,0681522882077843E-5	0,00124428677372634411	1,83987503987737E-5	0,00135530217085033655	0,0727380514144897461	0,0644968599081039429	0,102989211678504944	7,31914949417114258	2,66471290588378906	-2,83401823043823242	24,2822780609130859	0,217829510569572449	-27,5704936981201172	22,0399341583251953	-2,49336481094360352	-31,3451290130615234	4,53234243392944336	1,13022196292877197	-8,31278228759765625	0,0257106069475412369	0,00692286668345332146	-0,0613617897033691406
1135,00	-0,00256179575808346272	0,00332829752005636692	0,00118157558608800173	-0,0015516564017161727	-0,00138557283207774162	0,0070504271425306797	0,228029876947402954	-0,0877982452511787415	0,0931136384606361389	9,01594638824462891	-4,29210281372070312	1,59676241874694824	-10,0967226028442383	-14,1157693862915039	5,10969400405883789	-10,4053621292114258	-15,5544118881225586	4,4888606071472168	-1,82026338577270508	-2,74481678009033203	0,399694085121154785	-0,00750962179154157639	-0,0142040885984897614	0,00122983125038444996
1145,00	0,000196461551240645349	0,000132750865304842591	0,000244133087107911706	0,000754332286305725574	0,000508639262989163399	0,00136179104447364807	0,00629372568801045418	-0,0814008712768554688	0,104250289499759674	5,68825483322143555	-2,02915382385253906	3,74462032318115234	5,34058809280395508	-6,43472862243652344	6,56750631332397461	2,53879117965698242	-2,76221680641174316	8,47566699981689453	1,1718677282333374	-0,551663339138031006	0,521169960498809814	-0,000823163369204849005	-0,00142675277311354876	0,00215329905040562153
1155,00	0,000292474956950172782	0,000106209306977689266	4,54954424640163779E-5	0,00185738992877304554	0,000837786414194852114	0,000977347022853791714	0,0618965812027454376	-0,0133050819858908653	0,128957673907279968	1,58372294902801514	0,144538253545761108	7,00754928588867188	0,949298322200775146	-11,9799671173095703	18,5823497772216797	-0,279556721448898315	-10,7755022048950195	17,0536365509033203	-0,246552199125289917	-2,22006678581237793	2,64739465713500977	-0,00162345462013036013	-0,010505063459277153	0,0116187864914536476
1165,00	-1,73735788848716766E-5	7,94709194451570511E-5	0,000120667267765384167	0,00611108215525746346	0,00180761190131306648	-0,00344785279594361782	0,111355260014533997	-0,0525117814540863037	0,0261197853833436966	12,7619466781616211	0,255622625350952148	-2,38295507431030273	8,40413665771484375	-2,58747982978820801	-7,19382858276367188	4,99904251098632812	0,413527935743331909	-9,48753261566162109	0,634807825088500977	0,054754503071308136	-1,8281327486038208	0,00477876141667366028	-0,000181569179403595626	-0,00851199310272932053
1175,00	-0,00788834970444440842	-0,00779487984254956245	0,000254832208156585693	-0,0184981971979141235	-0,0177942104637622833	-0,00648036040365695953	-0,125564023852348328	0,0613725185394287109	0,0519804432988166809	-1,96632504463195801	-3,02049040794372559	-2,08519744873046875	13,3853635787963867	-0,341945230960845947	-28,5031700134277344	17,9349174499511719	0,91324305534362793	-26,0805454254150391	2,67047882080078125	-0,487586230039596558	-6,2381587028503418	0,0131419477984309196	-0,000254242244409397244	-0,0225771944969892502
1185,00	-0,000108359527075663209	0,00129327957984060049	-0,000410326116252690554	-0,00276535050943493843	0,00753137702122330666	-0,00264153257012367249	-0,394655346870422363	0,558405220508575439	-0,287033170461654663	-3,07260322570800781	11,1779890060424805	-3,25570034980773926	4,52558279037475586	0,564439356327056885	7,01027679443359375	6,92142200469970703	-4,72140216827392578	5,30806827545166016	0,669668316841125488	-0,766829907894134522	0,877998828887939453	0,00200089928694069386	-0,00311544816941022873	0,00395151088014245033
1195,00	8,36146045912755653E-6	-6,2941988289821893E-5	5,45635266462340951E-5	5,77951432205736637E-5	-0,000136721762828528881	0,000465754535980522633	0,0175005830824375153	-0,0389916971325874329	0,0464775674045085907	-1,23377823829650879	-0,618908226490020752	1,03808724880218506	-1,09320056438446045	-5,18733882904052734	3,45159792900085449	1,08434545993804932	-1,23735356330871582	3,20755410194396973	0,0939886718988418579	-0,196250036358833313	-0,171653151512145996	0,000829413649626076221	-0,00116486556362360716	-0,000406174251111224294
1205,00	0,000137009788886643946	-7,74114014348015189E-5	-0,000125796825159341097	0,000234617371461354196	-0,000143873476190492511	0,00111094897147268057	-0,00481776893138885498	0,0214739143848419189	0,0800082013010978699	0,368191659450531006	-0,584858238697052002	5,19475173950195312	-1,57921445369720459	-16,1948909759521484	9,81336688995361328	-0,161499321460723877	-14,9527778625488281	7,02008247375488281	-0,171638458967208862	-1,99998021125793457	1,01322638988494873	-0,00161615700926631689	-0,00829323474317789078	0,00303835747763514519
1215,00	-8,8106462499126792E-6	9,60287288762629032E-5	0,00027989124646410346	-8,02362992544658482E-5	0,000233199869398958981	0,00119053677190095186	-0,0484713949263095856	0,0869736894965171814	0,0923827961087226868	-1,31048882007598877	-2,49956345558166504	3,44398713111877441	2,11762046813964844	-11,1314229965209961	5,69182634353637695	3,5199129581451416	-6,15190935134887695	4,78395748138427734	0,062661483883857727	-1,0137028694152832	0,972598612308502197	0,00116811157204210758	-0,00467465585097670555	0,00230295979417860508
1225,00	0,0014682284090667963	0,00235345913097262382	-0,000590922601986676455	0,00552742788568139076	0,00932927802205085754	-0,00220260466448962688	0,0852592960000038147	0,0498705953359603882	-0,078146420419216156	8,23397064208984375	8,59431743621826172	-13,7634754180908203	23,1609954833984375	6,31393003463745117	-34,6927413940429688	14,1139183044433594	1,65781521797180176	-18,9498119354248047	3,01642608642578125	0,65243840217590332	-4,30211639404296875	0,0104071870446205139	0,000978822004981338978	-0,0160927660763263702
1235,00	-1,3605375670522335E-6	-1,22312067105667666E-5	2,39620912907412276E-5	-0,000186207864317111671	-0,000229398938245140016	0,000280932377791032195	0,0539325401186943054	0,00708768423646688461	0,0138740800321102142	2,68527436256408691	-1,58788299560546875	1,01153457164764404	10,1583318710327148	-17,0160579681396484	-7,4297785758972168	2,47932052612304688	-18,3051662445068359	-10,3856992721557617	0,710206210613250732	-2,20150518417358398	-0,923023760318756104	0,00372480461373925209	-0,00879052188247442246	-0,0046190391294658184
1245,00	-1,53776836668839678E-5	-3,14677199639845639E-5	5,10163772560190409E-5	-0,000469893071567639709	0,000682545418385416269	-0,00013056944590061903	0,00255342060700058937	-0,0236681085079908371	-0,00576097238808870316	-2,14723706245422363	3,55365490913391113	-2,02580666542053223	1,11134600639343262	-7,34728145599365234	0,934686064720153809	3,59143328666687012	-9,25332927703857422	0,896024346351623535	0,315052449703216553	-1,42269182205200195	-0,219813317060470581	2,597459388198331E-5	-0,00520520657300949097	-0,000509140780195593834
1255,00	1,77124366018688306E-5	2,07422435778426006E-5	0,000100013348856009543	0,000167318255989812315	4,40105286543257534E-5	0,000539177795872092247	0,0126528441905975342	0,0298660825937986374	0,051597151905298233	1,92527592182159424	-0,0896181762218475342	2,22359180450439453	4,6956324577331543	-0,935916364192962646	4,96915912628173828	4,040191650390625	-0,322316944599151611	6,40474605560302734	0,404252409934997559	0,0258266590535640717	0,58624953031539917	0,00119415530934929848	0,000466858793515712023	0,00116610527038574219
1265,00	-0,00395384617149829864	0,0041800597682595253	-0,0122762909159064293	-0,0316663384437561035	0,0329252816736698151	-0,0965119078755378723	-0,0244248639792203903	0,0183103326708078384	-0,00849446374922990799	-5,80106830596923828	8,06604480743408203	-21,7735862731933594	-14,833531379699707	17,9836349487304688	-52,9530830383300781	-6,15155601501464844	8,91986370086669922	-26,643585205078125	-2,04662537574768066	2,31170845031738281	-6,98327207565307617	-0,00443942099809646606	0,00459426222369074821	-0,0144367488101124764
1275,00	-1,0562829629634507E-5	-1,23004792840220034E-5	-6,06754983891732991E-5	-0,000213096864172257483	-4,71972089144401252E-5	-0,000528479809872806072	-0,112601295113563538	-0,076149284839630127	-0,175845161080360413	-6,10199642181396484	-2,9397270679473877	-8,21600818634033203	-11,9320898056030273	-6,781768798828125	-13,9918012619018555	-4,34173679351806641	-4,45119524002075195	-5,29732179641723633	-1,15884673595428467	-0,916013896465301514	-1,64990544319152832	-0,00357233569957315922	-0,00253212219104170799	-0,00477523123845458031
1285,00	-1,21557877719169483E-5	1,61755961016751826E-5	1,42756261993781664E-5	9,31864124140702188E-5	0,000120629098091740161	0,000110057932033669204	0,0312846936285495758	0,0324326977133750916	0,0234630871564149857	0,794656574726104736	-0,20736539363861084	1,82104432582855225	9,65867137908935547	-3,29503989219665527	2,32162976264953613	7,93424606323242188	-3,96581029891967773	3,49784183502197266	1,09985947608947754	-0,432347238063812256	0,296866446733474731	0,00290734576992690563	-0,000993260298855602741	0,000646701431833207607
1295,00	-6,83063399264938198E-6	1,95454122149385512E-5	2,4287974156322889E-5	-2,44732273131376132E-5	5,98846963839605451E-5	0,000269978772848844528	0,0019101256038993597	-0,00798983220010995865	0,0288544055074453354	-0,184672906994819641	-1,6297985315322876	2,81290316581726074	0,752274692058563232	-4,73055696487426758	8,52965450286865234	0,780345261096954346	-1,94970905780792236	6,800506591796875	0,0249665956944227219	-0,330460995435714722	0,894549787044525146	0,000445268757175654173	-0,00130439375061541796	0,00194747396744787693
1305,00	1,42178687383420765E-5	1,40674965223297477E-5	4,18934941990301013E-5	7,42340344004333019E-5	-8,37795523693785071E-5	0,000276755396043881774	0,0105907460674643516	-0,000159074450493790209	0,0316800549626350403	0,58407890796661377	-0,412565439939498901	2,13281083106994629	0,0750417709350585938	-6,01074743270874023	3,18462920188903809	-1,30734133720397949	-9,89281082153320312	-3,37360334396362305	-0,18074449896812439	-1,17269325256347656	-0,303996562957763672	-0,000180637711309827864	-0,00224411138333380222	0,000143897195812314749

